0	996
0	2401
0	3030
0	3170
1	247
1	1009
1	2005
1	2797
2	922
2	1068
2	1154
2	1748
2	2008
3	673
3	1009
3	2622
3	2797
4	164
4	541
4	1179
4	1252
5	266
5	714
5	996
5	1209
5	2401
6	2054
6	2140
6	2162
6	2253
7	1783
7	3121
8	458
8	3030
8	3074
9	1009
9	1097
9	2093
10	2294
10	3054
11	1009
11	1073
11	2622
12	922
12	1069
12	1248
12	1252
13	746
13	1252
13	2203
14	930
14	1179
14	1783
14	2726
14	3334
15	746
15	922
15	930
15	1153
15	3121
16	746
16	1068
16	2203
16	2987
16	3334
17	746
17	1179
17	2726
17	3380
18	303
18	368
18	714
18	996
18	1118
19	922
19	930
19	1179
19	2940
20	996
20	1378
20	1379
20	3373
21	1009
21	1097
21	2162
22	383
22	996
22	2055
23	746
23	930
23	1069
23	1154
23	1179
24	317
24	1009
24	1019
24	1073
24	1583
25	922
25	1068
25	1154
25	2008
25	2940
26	317
26	1009
26	1073
26	1097
26	1967
27	1007
27	3373
28	164
28	2186
28	2203
29	2
29	1009
30	541
30	922
30	930
30	1154
31	2
31	1009
31	1019
31	1073
31	2253
32	996
32	1007
32	1008
32	2478
32	3373
33	792
33	1009
33	1583
34	746
34	922
34	930
34	1068
34	1179
35	996
35	2055
36	164
36	1069
36	1179
36	1748
36	1783
37	996
37	1007
37	2016
37	2055
38	266
38	458
38	1378
39	48
39	2294
39	2687
39	2800
40	247
40	1009
40	1073
40	2253
40	2797
41	164
41	1179
41	1260
41	1748
42	996
42	1007
42	2055
42	3122
43	1068
43	1069
43	1153
43	2186
44	247
44	1009
44	1019
44	2105
44	2797
45	922
45	1154
45	1179
45	1252
45	2066
46	714
46	996
46	2441
47	320
47	922
47	1179
47	2987
48	266
48	458
48	996
48	1007
48	3373
49	714
49	996
49	3373
50	247
50	1019
50	2105
50	2797
51	922
51	1179
51	1252
51	2203
52	673
52	1009
52	1019
52	2087
52	2253
53	164
53	903
53	1422
53	1484
53	1689
54	368
54	996
54	3030
54	3373
55	1009
55	1019
55	2253
55	2797
56	164
56	1179
56	2008
56	2186
57	458
57	714
57	996
57	1007
57	2441
58	1069
58	1179
58	1252
58	1748
58	2186
59	260
59	1583
59	2005
59	2173
59	2622
60	1068
60	1252
60	2066
60	3334
61	918
61	1024
61	1093
61	1416
62	303
62	599
62	1007
63	996
63	2401
64	810
64	885
64	1073
64	1097
64	2622
65	746
65	922
65	930
65	1154
65	1252
66	258
66	317
66	1009
66	1073
66	2622
67	996
67	2055
67	2401
68	247
68	1009
68	1019
68	1073
69	1154
69	1179
69	1252
70	996
70	3373
71	996
71	1209
72	1009
72	2162
72	2797
73	996
73	1379
73	2441
73	3373
74	1
74	673
74	1151
74	2687
75	247
75	673
75	2797
76	320
76	922
76	1068
76	1252
76	2203
77	48
77	888
77	1029
77	3054
78	1009
78	1019
78	2093
79	1179
79	1252
80	930
80	1068
80	1152
80	1179
80	2066
81	922
81	1179
81	1248
81	2186
81	2203
82	492
82	903
82	1018
82	2187
83	266
83	996
83	1379
83	3373
84	1069
84	1252
84	1617
84	1748
84	3334
85	673
85	1009
85	2399
86	164
86	1068
86	1252
86	1748
86	3334
87	266
87	458
88	1783
88	3334
89	714
89	2401
90	247
90	317
90	1019
90	1073
90	2399
91	746
91	922
91	1179
92	164
92	1179
92	1252
92	1748
92	2987
93	1068
93	1179
93	1748
93	2008
93	3380
94	1009
94	2043
94	2161
94	2162
94	2253
95	1783
95	2726
95	3334
96	416
96	714
96	1928
96	2012
96	3074
97	164
97	1252
97	1783
97	2008
98	164
98	922
98	930
98	1179
98	1252
99	432
99	2401
99	3030
99	3170
100	210
100	996
100	1007
100	1378
100	2921
101	266
101	996
101	1379
101	2401
102	247
102	1009
102	1019
102	1073
102	1967
103	913
103	1068
103	1179
103	1248
104	996
104	2401
104	2441
104	3074
104	3170
105	930
105	1069
105	1179
106	996
106	1007
106	2055
106	2922
106	3025
107	746
107	930
107	1068
107	1154
107	2726
108	996
108	1007
108	1008
108	3025
108	3122
109	930
109	1069
109	1179
109	1783
109	2726
110	266
110	383
110	996
110	1007
110	2055
111	317
111	885
111	1019
111	1920
111	2399
112	1007
112	1378
112	1386
112	3365
112	3373
113	996
113	1304
113	2016
114	2
114	247
114	558
114	1009
115	2940
115	3334
116	266
116	416
116	996
116	1379
116	2441
117	1009
117	1019
117	1073
117	1848
117	2253
118	746
118	922
119	996
119	1379
119	2441
119	3365
120	48
120	313
120	594
120	673
121	673
121	1009
121	1019
121	1073
121	2797
122	266
122	714
122	996
122	1007
123	383
123	432
123	996
123	1304
124	1009
124	2043
124	2253
125	164
125	746
125	1068
125	1179
125	2203
126	320
126	1069
126	1179
126	2008
126	2987
127	247
127	1009
127	1019
127	2797
128	1069
128	1179
128	1252
128	2987
129	996
129	1007
129	2055
129	2401
129	3030
130	1068
130	1252
130	1748
130	2066
130	2203
131	746
131	1154
131	1748
131	2008
132	48
132	594
132	2089
133	258
133	1009
133	1848
133	2093
133	2253
134	922
134	1179
135	996
135	2921
135	3122
136	746
136	913
136	930
136	1069
136	1179
137	266
137	996
137	1007
137	2921
137	3025
138	1179
138	3380
139	760
139	1299
139	1696
139	2235
139	2476
140	320
140	922
140	1179
140	1248
140	2987
141	1179
141	1748
142	303
142	714
142	996
142	1379
142	3170
143	317
143	1009
143	1019
143	1073
143	2622
144	746
144	1068
144	1069
144	1179
145	266
145	996
145	2921
145	3074
145	3373
146	210
146	266
146	996
146	1378
146	2441
147	164
147	746
147	922
147	2203
148	1009
148	1019
148	1097
148	2005
148	2872
149	458
149	2055
150	48
150	594
150	1024
150	1064
150	2018
151	258
151	2015
151	2017
152	746
152	1069
152	1179
152	1617
152	3334
153	1007
153	1379
153	2016
154	1009
154	1019
154	1073
155	996
155	2055
155	2401
155	3030
155	3373
156	1069
156	1179
156	1248
157	266
157	964
157	996
157	1007
157	2441
158	2
158	1009
158	1019
158	1654
159	746
159	3380
160	247
160	1009
160	1019
161	922
161	1068
161	1179
161	1248
162	996
162	1378
162	3122
163	922
163	930
163	1068
163	1179
163	1617
164	996
164	3365
164	3373
165	317
165	1009
165	2253
166	317
166	558
166	1009
166	1019
166	2253
167	922
167	1179
167	2008
167	2203
168	922
168	1179
168	1248
168	2631
168	2940
169	48
169	2089
170	1009
170	2253
171	492
171	1484
171	1689
171	1805
171	2686
172	458
172	1007
172	2441
172	3074
173	247
173	558
173	1009
173	2253
174	913
174	922
174	2008
174	2066
175	1274
175	2080
175	2294
175	2810
176	56
176	126
176	2173
177	922
177	1154
177	1248
177	1267
177	2066
178	383
178	3373
179	266
179	432
179	996
179	1209
179	3122
180	1069
180	2066
180	2203
181	247
181	317
181	673
181	1583
181	2797
182	1064
182	1274
182	2048
182	2081
182	2294
183	1019
183	1848
184	1248
184	2186
184	2203
184	2726
185	1009
185	1019
185	1073
185	2253
185	2622
186	1069
186	1179
186	1783
186	2726
187	922
187	930
187	1179
187	1783
187	2940
188	1019
188	1073
188	2093
188	2140
189	320
189	922
189	930
189	1179
189	3380
190	996
190	1007
190	3074
190	3093
190	3122
191	258
191	673
191	1009
191	2872
192	1068
192	3334
193	492
193	1484
193	2219
193	2686
194	266
194	996
194	1209
194	2401
195	317
195	1009
195	2162
195	2253
196	60
196	1009
196	1583
196	2105
196	2968
197	164
197	1179
197	1252
197	3364
198	458
198	996
198	1007
198	2441
198	3030
199	164
199	1154
199	1179
199	2726
200	996
200	1007
200	3030
200	3074
200	3093
201	247
201	258
201	317
201	1009
201	2174
202	996
202	2055
202	2441
202	2922
202	3373
203	746
203	1068
203	1154
203	1179
203	1252
204	996
204	2055
204	3093
204	3373
205	1248
205	3380
206	792
206	1073
206	1848
206	1967
207	746
207	930
207	3121
207	3380
208	1007
208	1928
209	247
209	673
209	1009
209	2138
210	164
210	922
210	1179
211	303
211	458
211	714
211	996
211	1209
212	317
212	558
212	1525
212	1583
212	2797
213	746
213	922
213	1068
213	1154
213	1179
214	303
214	996
214	1007
214	1379
214	3373
215	2441
215	3365
215	3373
216	746
216	930
216	1069
216	2987
217	714
217	996
217	1007
217	3122
217	3373
218	885
218	1009
218	1073
218	1097
219	996
219	1007
219	1008
219	3373
220	996
220	1007
220	1378
221	1007
221	2441
221	3373
222	541
222	922
222	2631
222	2940
223	1009
223	1019
223	1073
223	2872
224	164
224	922
224	1069
224	1179
224	1248
225	266
225	383
225	996
225	1007
225	1209
226	317
226	2174
226	2399
226	2968
227	1284
227	2203
227	2987
227	3364
228	350
228	1284
228	1464
228	1484
228	3262
229	1094
229	3372
229	3377
230	320
230	746
230	922
230	930
230	1179
231	383
231	1007
232	964
232	996
232	1007
232	2922
233	247
233	1009
233	1097
233	1583
234	922
234	1069
234	1248
235	383
235	996
235	2401
236	1344
236	1783
236	2987
237	266
237	714
237	1379
237	3030
237	3373
238	247
238	1009
239	320
239	922
239	1179
239	1252
239	2940
240	492
240	903
240	1065
240	1252
240	1950
241	383
241	996
241	1007
241	3373
242	996
242	3093
243	1252
243	2066
243	2203
243	3334
244	1009
244	1097
244	2622
244	2872
245	1179
245	1783
246	964
246	1007
246	3373
247	746
247	922
247	1068
247	1069
247	1260
248	247
248	673
248	1019
248	2797
249	1068
249	1252
250	266
250	996
250	3122
251	164
251	320
252	673
252	1019
252	2399
253	1007
253	2401
253	3373
254	368
254	2016
254	2055
254	3170
254	3373
255	1009
255	1019
255	2105
255	2253
255	2797
256	1068
256	1154
256	1179
256	1748
256	2066
257	996
257	1007
257	1379
257	3025
257	3373
258	1009
258	1019
258	1073
258	1583
259	458
259	996
259	3373
260	320
260	541
260	922
260	1152
260	1179
261	210
261	458
261	996
262	996
262	1378
262	3365
263	368
263	996
263	2055
263	3365
264	885
264	1009
264	1073
264	2005
264	2140
265	922
265	1068
265	1179
266	996
266	1007
266	2896
266	3373
267	48
267	313
267	594
267	596
267	2081
268	2
268	258
268	1009
268	2253
269	164
269	922
270	266
270	714
270	1379
270	2441
270	3373
271	1009
271	1019
271	1073
271	2253
272	922
272	1179
272	1252
273	266
273	996
273	2401
273	2441
273	3373
274	2
274	247
274	1019
274	1073
274	2797
275	164
275	1179
276	266
276	996
276	3030
276	3365
276	3373
277	2
277	1009
277	1019
277	1073
277	2797
278	746
278	1069
278	1153
278	1748
278	2203
279	996
279	1007
279	3093
280	317
280	792
280	1009
280	1019
280	2253
281	266
281	996
281	3093
281	3122
281	3373
282	746
282	1069
282	1179
282	2726
283	996
283	1007
283	2012
283	3122
284	1009
284	1019
284	2253
284	2622
284	2872
285	1009
285	1019
285	1073
285	2161
285	2253
286	1069
286	1179
286	1783
287	996
287	1007
287	3373
288	266
288	714
288	1007
288	2441
288	3365
289	247
289	558
289	1019
289	2622
289	2797
290	746
290	922
290	1154
290	1252
290	2066
291	164
291	922
291	1179
291	1252
291	3380
292	2
292	1009
292	1019
292	2253
293	164
293	1248
293	3380
294	60
294	1009
294	1583
294	1967
294	2253
295	266
295	458
295	996
295	1007
296	1009
296	1019
296	1073
296	1097
296	1967
297	266
297	383
297	487
297	996
297	1007
298	247
298	1009
298	2174
298	2399
299	922
299	2066
299	2186
300	266
300	996
300	1379
300	2441
301	48
301	1032
301	2354
301	2700
301	3034
302	2008
302	2726
302	3380
303	1009
303	1019
303	1073
303	1097
303	2872
304	996
304	2016
304	2401
304	3030
304	3170
305	317
305	1009
305	1073
305	1097
305	2622
306	210
306	1007
306	1008
307	1009
307	1019
307	1073
307	2162
308	1068
308	1069
308	1248
309	558
309	1009
309	1019
309	2622
309	2872
310	1069
310	1179
311	1009
311	1019
311	2622
311	2872
312	3093
312	3373
313	210
313	996
313	1378
313	2055
313	3365
314	1069
314	1179
314	2186
315	247
315	1009
315	1097
316	320
316	922
316	1179
316	1783
317	1
317	610
317	2087
317	2102
317	2354
318	1248
318	1284
318	2008
318	2726
318	3334
319	942
319	1179
319	1284
319	1783
320	714
320	996
320	2012
321	317
321	1073
321	1097
321	2093
321	2872
322	967
322	996
322	1007
322	1008
322	3373
323	922
323	1069
323	1179
324	558
324	792
324	2087
324	2399
324	2628
325	746
325	1068
325	1154
325	2203
326	996
326	1007
326	1379
326	3373
327	2
327	247
327	1009
327	2253
328	922
328	2940
329	266
329	714
329	996
329	1378
329	2441
330	260
330	317
330	558
330	1009
331	492
331	1589
331	2219
332	458
332	996
332	1007
332	3373
333	1379
333	2016
333	2055
333	3030
333	3170
334	558
334	1009
334	1019
334	2162
334	2253
335	541
335	1069
335	1252
335	2987
335	3334
336	996
336	1007
336	2401
336	3074
337	126
337	558
337	1009
337	1920
337	2399
338	922
338	1068
338	1248
338	2940
339	714
339	996
339	1007
340	1097
340	1583
340	1848
340	1967
341	164
341	922
341	1068
341	1179
341	2940
342	1248
342	1783
342	2066
342	2186
342	3380
343	996
343	1007
343	2055
343	2401
343	3373
344	317
344	653
344	1583
344	2174
344	2797
345	320
345	746
345	2203
346	383
346	2441
346	3365
346	3373
347	258
347	792
347	1009
347	1019
347	2253
348	746
348	1179
348	1252
349	320
349	746
349	922
349	1068
349	1179
350	383
350	416
350	1378
350	3093
351	266
351	996
351	1379
352	996
352	1007
352	1008
352	2896
353	266
353	996
353	1378
353	1379
354	48
354	1064
354	2142
355	885
355	1009
355	1019
355	1848
355	2872
356	492
356	1018
356	1589
356	1754
357	930
357	1068
357	1069
357	2726
357	2940
358	1378
358	2055
358	2896
358	3170
359	164
359	541
359	746
359	1748
359	2066
360	1009
360	1019
361	746
361	2203
362	996
362	1007
362	2401
362	3030
363	1304
363	1379
364	247
364	1009
364	2105
364	2253
365	922
365	1179
365	1248
365	1783
365	2940
366	922
366	930
366	1154
366	1748
367	266
367	996
367	1007
367	1209
367	2401
368	746
368	922
368	1069
368	1179
368	3121
369	996
369	1007
369	1928
369	3122
369	3373
370	996
370	2922
370	3373
371	320
371	922
371	1154
371	2726
372	1092
372	1625
372	1892
372	2749
372	3386
373	746
373	930
373	1069
373	3121
374	996
374	1007
374	1378
374	3030
374	3373
375	320
375	746
375	922
375	1069
375	1179
376	383
376	996
376	2922
376	3093
376	3122
377	164
377	1252
377	2066
377	2987
378	1009
378	1126
378	1920
378	2143
378	2399
379	541
379	1154
379	1252
379	2066
379	2203
380	465
380	1178
380	1183
380	1263
380	1507
381	996
381	1378
382	164
382	320
382	922
382	2066
382	2987
383	247
383	1009
383	1019
383	1920
383	2253
384	1009
384	1654
384	1920
384	2143
384	2399
385	320
385	922
385	1068
385	2066
385	3380
386	1416
386	1932
386	2088
386	2099
387	432
387	996
387	1283
388	247
388	1009
388	1073
388	2105
388	2253
389	266
389	368
389	996
389	2055
389	3030
390	996
390	1304
390	3373
391	1009
391	2797
392	164
392	922
392	1179
392	1248
392	2203
393	247
393	885
393	1009
393	1019
393	2622
394	1068
394	1069
394	1179
394	2066
395	383
395	964
395	1007
395	1266
395	1378
396	1
396	594
396	610
396	2102
396	2354
397	1260
397	2008
398	714
398	996
398	3122
399	247
399	258
399	1019
399	2021
399	2797
400	996
400	1008
400	3170
401	1009
401	1019
401	2622
402	1007
402	2055
402	2922
402	3025
402	3122
403	1068
403	1154
403	1179
403	1248
403	2203
404	746
404	1069
404	1179
405	792
405	1009
405	1019
405	1073
405	2622
406	1007
406	2921
407	313
407	594
407	2687
408	247
408	1009
408	2253
409	746
409	922
409	1068
409	2726
410	458
410	1379
410	2921
410	3373
411	1
411	1022
411	2048
412	1009
412	2253
412	2797
413	266
413	996
413	1209
414	247
414	788
414	1009
414	1073
415	1073
415	1848
415	2140
415	2161
415	2162
416	922
416	930
416	1252
416	3121
416	3380
417	1
417	610
417	2102
417	2394
418	317
418	1009
418	1019
418	2253
419	746
419	922
419	1154
419	1179
419	2203
420	996
420	1007
421	1068
421	1069
421	1179
421	1748
422	714
422	996
423	1069
423	1617
423	2008
423	3121
423	3305
424	1019
424	1073
424	1097
424	1583
424	2622
425	126
425	247
425	1019
426	922
426	930
426	1068
426	1069
426	2066
427	247
427	558
427	1019
427	2105
427	2797
428	922
428	1068
428	1179
428	1252
428	2066
429	996
429	1209
429	2055
429	3122
429	3170
430	1073
430	2162
430	2622
430	2872
431	815
431	1065
431	1589
431	2769
432	1007
432	2478
432	3030
432	3074
433	996
433	1007
433	2055
433	3030
433	3170
434	707
434	1179
434	2066
435	714
435	996
435	1928
435	2441
435	3122
436	922
436	930
436	1068
436	1153
436	1248
437	541
437	2203
438	1094
438	1299
438	1696
439	1009
439	1019
439	2253
440	1179
440	2008
440	2940
441	541
441	1248
441	2186
441	3380
442	922
442	1179
442	1252
442	2066
443	266
443	996
443	1379
443	2401
443	2441
444	48
444	2080
444	2089
444	2123
444	2294
445	2
445	247
445	1009
445	2161
445	2162
446	922
446	1069
446	3380
447	266
447	714
447	1007
447	1379
448	996
448	1007
448	2016
448	2055
448	2401
449	996
449	1007
449	2016
449	3030
450	541
450	922
450	1068
450	1252
451	1379
451	2016
451	2055
451	2401
452	1009
452	1019
452	2161
452	2162
453	558
453	1073
453	1583
453	1848
453	1920
454	922
454	930
454	1179
454	1248
454	2203
455	266
455	996
455	1118
455	3025
455	3122
456	303
456	714
456	1379
456	3373
457	2
457	247
457	1009
457	1073
457	2622
458	922
458	1068
458	1069
458	3121
459	746
459	930
459	1069
459	1179
460	673
460	1009
460	1019
460	1073
460	1750
461	368
461	458
461	714
461	1209
462	746
462	922
462	930
462	2726
463	906
463	1625
463	1689
463	3151
464	416
464	996
464	3025
465	922
465	930
465	1179
465	3380
466	1069
466	1179
466	2726
467	317
467	1019
467	2253
468	922
468	1179
468	2203
469	1007
469	2921
469	2922
469	3025
470	541
470	922
470	930
470	1154
470	1252
471	266
471	2055
471	2401
471	3030
471	3170
472	1009
472	1019
472	1848
473	746
473	930
473	1179
474	266
474	714
474	996
475	48
475	1024
475	2142
475	2687
475	2800
476	247
476	317
476	2622
477	541
477	922
477	2940
477	3334
478	487
478	3074
478	3311
479	383
479	996
479	2401
479	3365
479	3373
480	707
480	922
480	1068
480	1252
481	303
481	1379
482	1009
482	1073
482	2043
482	2162
482	2253
483	492
483	903
483	1589
483	1689
483	3262
484	996
484	1379
484	3373
485	922
485	1179
485	1248
485	1783
486	383
486	2055
486	3030
486	3170
487	320
487	1179
487	2008
487	2066
488	317
488	1019
488	1073
488	1097
489	964
489	996
489	1007
489	3074
489	3093
490	2
490	247
490	673
490	2017
491	1179
491	1252
491	2066
492	996
492	1379
492	2055
492	3030
492	3170
493	1009
493	1019
493	1073
493	1967
493	2253
494	903
494	931
495	266
495	368
495	996
495	1379
495	1928
496	996
496	1928
496	3373
497	996
497	1379
497	2055
498	60
498	673
498	1009
498	1019
499	164
499	541
499	1153
500	266
500	458
500	599
500	714
500	1209
501	885
501	1009
501	1583
501	1848
501	1967
502	266
502	996
502	1379
502	2921
502	3373
503	746
503	913
503	1068
503	1179
503	3334
504	996
504	1007
504	2055
504	2441
504	3373
505	247
505	317
505	1073
505	1967
506	320
506	746
506	930
506	1179
507	541
507	922
507	1179
507	1252
507	2066
508	1748
508	2203
508	2987
509	903
509	1484
509	2219
509	2583
509	2686
510	599
510	1379
510	2055
510	2401
510	3030
511	320
511	1179
511	1252
512	996
512	2921
512	3030
512	3074
513	2
513	1009
513	1019
514	368
514	599
514	996
514	1007
515	416
515	3170
515	3373
516	673
516	1009
516	1583
517	922
517	1179
517	2066
518	266
518	996
518	1209
518	3373
519	2
519	247
519	317
519	1009
519	2797
520	1009
520	1073
520	2093
521	458
521	996
521	1007
521	1008
522	266
522	996
522	2055
522	2921
522	2922
523	746
523	1069
523	1248
524	383
524	996
524	1008
524	3025
525	922
525	1069
525	2008
525	3380
526	266
526	1008
526	1928
526	2441
526	3074
527	746
527	922
527	930
527	1179
527	2726
528	596
528	1032
528	1274
528	2102
529	1009
529	1019
529	1073
529	2622
530	541
530	1179
530	1248
530	1252
530	2008
531	1179
531	2008
532	996
532	1007
532	2921
532	3025
532	3122
533	714
533	996
533	1209
533	1379
533	3074
534	247
534	1009
534	1019
534	1920
535	492
535	800
535	1018
535	1232
535	1484
536	492
536	1689
536	1783
536	1805
536	2414
537	266
537	996
538	996
538	1007
538	3030
538	3170
538	3373
539	164
539	922
539	1179
539	2066
539	3305
540	996
540	2016
540	2441
541	1024
541	1907
541	2800
542	541
542	1154
542	1252
543	164
543	1068
543	1179
543	2066
544	367
544	1097
544	1583
544	2173
544	2797
545	541
545	1068
545	1252
546	922
546	1068
546	1179
546	1252
546	2726
547	996
547	2401
547	2921
547	3030
548	996
548	1007
548	1008
548	1378
548	2921
549	247
549	317
549	558
549	1009
549	2797
550	164
550	1179
550	1252
550	2987
550	3364
551	1179
551	2182
551	3334
552	673
552	1009
552	1019
552	2253
553	164
553	320
553	2066
554	996
554	1007
554	1008
555	714
555	996
555	2012
555	2441
556	313
556	1566
556	2080
556	2102
556	2354
557	2
557	247
557	1009
557	1019
557	2253
558	2203
558	2940
559	1179
559	1748
559	2008
560	492
560	903
560	1018
560	1484
561	157
561	1094
561	1696
561	1920
561	2662
562	2
562	247
562	1009
562	1583
562	2797
563	320
563	922
563	1068
563	1252
564	383
564	432
564	996
565	746
565	913
565	922
565	1154
565	1248
566	458
566	553
566	2055
566	2921
567	317
567	1009
567	2105
567	2253
567	2797
568	383
568	996
569	746
569	1068
569	1748
569	3334
570	487
570	996
570	1378
570	3373
571	487
571	714
571	1378
571	3373
572	164
572	922
572	2726
573	746
573	922
573	1068
573	1069
573	1154
574	1009
574	1583
574	2872
575	922
575	1068
575	1153
575	1179
575	1783
576	1009
576	1019
576	1073
576	1097
576	2253
577	930
577	1179
577	1248
578	487
578	996
578	1007
578	2401
579	48
579	1033
579	1064
579	2687
579	3159
580	1073
580	1097
581	266
581	996
581	1379
581	2441
581	3373
582	320
582	922
582	2726
583	1179
583	2008
583	2203
584	996
584	2401
584	2441
584	3030
585	996
585	1209
585	2016
585	2401
585	3030
586	317
586	1920
586	2253
586	2399
587	164
587	1179
587	2203
588	1252
588	1689
588	1805
588	1892
589	996
589	2012
589	2401
589	3030
589	3170
590	1073
590	1097
590	1848
590	1967
590	2622
591	964
591	1007
591	2896
591	2922
592	996
592	1007
592	1209
592	3122
593	792
593	1009
593	1073
593	1097
593	2622
594	964
594	996
594	1007
594	2921
594	3074
595	792
595	1019
595	1073
595	1097
595	2622
596	922
596	930
596	1069
596	1179
596	1252
597	964
597	1007
597	1008
598	48
598	1024
598	1029
598	2294
599	2
599	1009
599	1654
600	164
600	1068
600	1069
600	1179
601	266
601	996
601	1007
602	1
602	48
603	1009
603	2043
604	1068
604	2008
605	317
605	1009
605	1920
605	2399
605	2628
606	164
606	1252
606	2203
606	2631
606	3334
607	303
607	368
607	714
607	996
607	1379
608	1009
608	2017
608	2253
608	2628
609	247
609	1009
609	1920
609	2017
609	2105
610	320
610	1179
611	126
611	247
611	885
611	1009
612	164
612	922
612	1179
612	2987
613	317
613	673
613	1009
613	2253
613	2622
614	1068
614	1179
614	1248
614	1617
615	1007
615	1378
615	2055
615	2896
615	3373
616	922
616	1068
616	2203
616	2940
617	996
617	3365
618	258
618	1009
618	1019
618	1073
619	1007
619	2401
619	3025
620	258
620	1009
621	266
621	996
621	1209
621	2055
621	2478
622	247
622	673
622	2054
623	164
623	320
623	922
623	1068
623	1252
624	930
624	1179
624	1252
625	317
625	885
625	1009
625	1019
625	2622
626	922
626	930
627	1068
627	1248
627	1252
627	2008
628	1179
628	1783
628	2008
629	368
629	996
629	1007
630	1009
630	1073
630	2087
630	2105
630	2797
631	996
631	2478
631	3373
632	164
632	541
632	1252
632	2203
633	266
633	996
633	1007
633	2055
634	266
634	996
634	3373
635	1019
635	1097
635	2093
636	320
636	1179
636	1248
636	1252
636	2987
637	458
637	487
637	3037
638	247
638	317
638	1009
639	1068
639	1153
639	1179
639	1783
640	1009
640	1019
640	2015
640	2017
640	2253
641	164
641	541
641	1179
641	1252
641	3334
642	541
642	1068
642	1179
642	2203
643	59
643	492
643	1484
643	2686
644	1069
644	1154
644	2008
644	2726
645	164
645	922
645	1179
645	2066
645	2940
646	247
646	1019
646	1583
646	1848
646	2797
647	996
647	1378
647	3373
648	1009
648	1019
648	1920
649	1179
649	1248
649	2008
649	2631
650	210
650	714
650	1379
650	2441
650	2478
651	2008
651	2203
651	2940
652	416
652	996
652	1007
652	1379
652	3025
653	1179
653	1248
653	2203
653	3380
654	541
654	913
654	1068
654	1069
654	1179
655	2
655	247
655	1009
655	1019
655	2797
656	247
656	1009
656	1097
656	2174
656	2253
657	922
657	1068
657	1179
657	2726
658	922
658	930
658	1179
658	2940
658	3121
659	1009
659	1019
659	1073
659	2253
659	2872
660	164
660	922
660	930
660	1068
660	1179
661	164
661	1065
661	1484
661	2810
662	746
662	922
662	930
662	1069
663	996
663	1007
663	2921
664	2
664	673
665	266
665	1304
665	2441
666	1783
666	2008
667	164
667	746
667	922
667	2940
668	1009
668	1019
668	1583
668	2005
668	2622
669	164
669	1284
670	541
670	1179
670	1252
671	1009
671	1019
671	2043
671	2087
671	2253
672	2203
672	2726
673	164
673	492
673	1252
673	2686
674	746
674	930
674	1179
674	2987
675	541
675	922
675	1069
675	1179
675	1252
676	164
676	541
676	1179
677	714
677	996
677	2401
677	3122
677	3170
678	320
678	922
678	1153
678	1252
678	2726
679	746
679	922
679	1179
679	2203
680	317
680	673
680	1019
680	2622
681	164
681	930
681	1179
681	2987
682	383
682	996
682	3030
683	714
683	996
683	1007
683	1209
683	2055
684	996
684	1378
684	3025
684	3170
685	1069
685	2726
685	3121
685	3305
686	996
686	1007
686	1379
686	1928
687	1248
687	3121
688	317
688	1009
688	1019
688	1848
688	2015
689	164
689	320
689	1068
689	1152
689	1179
690	2008
690	2186
690	2726
690	3334
691	1069
691	1179
691	1252
691	2066
692	1009
692	1019
692	1073
692	2161
692	2872
693	746
693	922
693	1179
693	2066
694	996
694	1007
694	2055
694	3170
695	1179
695	2726
695	3305
695	3380
696	788
696	792
696	1009
696	1019
696	2797
697	996
697	2055
697	2478
697	3093
697	3122
698	913
698	930
698	1617
698	1783
698	2726
699	673
699	1009
699	2797
700	164
700	2066
700	2631
701	164
701	1068
701	2203
701	2987
702	1
702	48
702	1920
702	3054
703	1009
703	1019
703	1073
703	1920
704	164
704	930
704	1179
705	266
705	458
705	996
705	1007
705	3122
706	313
706	1274
706	2294
707	164
707	1252
708	266
708	458
708	714
708	1209
708	2441
709	922
709	1069
709	1179
709	2008
710	367
710	1009
710	1583
710	1967
710	2253
711	164
711	541
711	1284
711	1617
711	2066
712	746
712	922
712	2940
713	541
713	930
713	1252
713	1748
713	2066
714	996
714	2016
714	2441
714	3030
714	3170
715	210
715	996
715	1007
715	2012
715	3373
716	1073
716	1097
716	2005
716	2021
716	2174
717	922
717	1153
717	1179
717	1748
718	964
718	996
718	1007
718	3074
718	3373
719	541
719	930
719	1068
719	1179
719	2186
720	964
720	1007
720	1379
720	2055
720	3170
721	48
721	1025
721	1064
721	1688
721	2189
722	930
722	1068
722	1069
722	2066
722	2940
723	996
723	1007
723	2055
724	996
724	1007
724	2401
724	2922
724	3373
725	996
725	1379
725	2401
725	3373
726	1009
726	2174
727	210
727	996
727	2441
728	48
728	244
728	588
728	1024
729	260
729	317
729	1525
730	922
730	1068
730	1152
730	2066
731	383
731	590
731	996
731	1007
732	1009
732	2161
732	2162
732	2253
732	2797
733	60
733	1009
733	2015
733	2017
733	2253
734	164
734	541
734	1252
734	1748
734	2203
735	1
735	673
735	1205
735	2294
735	3287
736	707
736	1154
736	2066
736	2726
737	123
737	492
737	1264
737	2413
737	2414
738	1783
738	3305
739	922
739	1179
739	1252
739	1748
739	2726
740	2016
740	2401
741	913
741	930
741	1069
741	2940
742	210
742	303
742	458
742	1007
742	1379
743	922
743	1179
743	1248
743	2182
743	2203
744	996
744	1007
744	1209
744	2012
744	2441
745	247
745	1009
745	1019
745	1967
745	2093
746	266
746	416
746	996
746	1007
746	2055
747	320
747	922
747	1068
747	1069
747	1617
748	996
748	1379
748	2055
748	2921
748	3093
749	1783
749	2726
749	3305
750	922
750	1069
750	1179
750	1617
750	2008
751	2
751	247
751	673
751	2399
751	2797
752	266
752	368
752	714
753	1009
753	1019
753	1583
753	1920
753	2253
754	922
754	1179
754	1252
754	1748
755	303
755	416
755	2441
756	317
756	2797
757	541
757	1252
757	1748
757	2066
757	2203
758	996
758	1379
759	164
759	922
759	1252
759	2987
759	3334
760	458
760	714
760	1283
760	2478
761	1009
761	2005
762	320
762	1179
762	2008
763	1179
763	1252
763	1748
763	2726
764	815
764	903
764	1018
764	1252
764	1892
765	714
765	1379
765	3170
766	922
766	1068
767	2441
767	3122
768	164
768	1069
768	1179
768	2008
768	2203
769	465
769	946
769	1094
769	1210
769	1670
770	714
770	996
770	2401
770	3030
771	247
771	1009
771	1654
772	707
772	922
772	1248
772	2066
773	903
773	2686
773	2810
774	996
774	2055
774	3074
775	48
775	1274
775	1405
775	2687
775	2800
776	922
776	1252
777	59
777	160
777	492
777	1252
777	1484
778	1009
778	1073
778	2005
778	2161
778	2253
779	1069
779	2008
779	2726
780	1248
780	3121
780	3292
780	3305
781	746
781	1179
781	1252
781	1783
781	2203
782	2066
782	2182
782	2186
783	714
783	996
783	1007
783	2055
783	3365
784	1029
784	2102
784	3034
784	3054
785	1783
785	2008
785	2066
786	266
786	714
786	996
786	2012
786	3122
787	258
787	1009
787	2161
787	2797
788	1068
788	1179
788	1252
788	1617
788	2203
789	996
789	1007
789	2441
790	746
790	1179
790	1617
790	2203
791	996
791	1304
791	2896
791	2922
792	13
792	558
792	610
792	1151
792	1566
793	266
793	714
793	1209
793	3025
793	3122
794	788
794	1009
794	1019
794	1073
794	2622
795	996
795	1007
795	1008
795	2401
796	164
796	1069
796	1179
796	1252
796	2203
797	1009
797	1019
797	1920
797	2399
798	164
798	746
798	1179
798	3305
798	3380
799	792
799	1019
799	1750
799	1848
799	2087
800	1068
800	1179
800	1601
801	913
801	1069
801	1179
801	2008
801	2186
802	458
802	996
802	2012
803	266
803	996
803	2441
803	3170
804	2
804	558
804	1009
804	2105
804	2797
805	541
805	746
805	1154
805	1179
806	541
806	1069
806	1617
806	2066
807	266
807	996
807	1007
807	1379
807	2401
808	48
808	1064
808	2089
808	2687
808	3034
809	1069
809	2008
810	492
810	1018
810	1689
811	714
811	996
811	2055
811	2401
811	3170
812	383
812	996
812	2922
813	792
813	1009
813	1073
814	996
814	1007
814	1928
815	541
815	1069
815	1252
815	2066
816	266
816	1379
816	2016
816	2401
816	3170
817	996
817	2441
818	164
818	922
818	930
818	1179
819	458
819	1283
819	2441
820	1179
820	1783
820	2186
820	3334
821	885
821	1097
821	2140
821	2622
822	383
822	1007
822	3093
822	3373
823	541
823	922
823	1068
823	1154
823	1179
824	996
824	1007
824	1118
824	3030
825	107
825	327
825	945
825	1416
826	164
826	1179
826	1252
826	2987
827	266
827	996
827	1007
827	1379
827	3170
828	164
828	1179
828	1252
828	1748
828	2066
829	210
829	266
829	996
829	1007
830	2033
830	2089
830	2294
830	2687
830	3054
831	541
831	1068
831	1154
831	1179
831	1252
832	922
832	1069
832	1179
832	1617
832	3121
833	1007
833	2441
833	3030
833	3122
833	3170
834	2089
834	2142
834	2354
834	2355
834	3213
835	1617
835	2726
836	266
836	996
836	1008
836	3025
837	996
837	1928
838	746
838	922
838	1069
838	2182
839	714
839	1007
839	3025
839	3074
840	996
840	1007
840	2012
840	2441
840	3074
841	746
841	930
841	1068
841	2940
842	1007
842	1008
843	996
843	1007
843	1008
843	2055
843	2922
844	996
844	2055
844	2441
845	247
845	1009
845	1019
845	2105
845	2253
846	1069
846	1154
846	1252
846	1748
846	2066
847	368
847	996
847	1209
847	2055
847	3025
848	164
848	1179
848	1748
848	2203
848	2987
849	458
849	996
849	2016
849	3030
849	3122
850	48
850	1029
850	1032
850	1688
850	2394
851	317
851	1009
851	1019
851	2872
852	492
852	800
852	1484
852	2208
853	458
853	996
853	2401
853	2441
854	317
854	792
854	1009
854	1019
854	1073
855	266
855	383
855	996
855	2441
855	3373
856	317
856	558
856	1097
856	2174
856	2399
857	416
857	996
857	2441
857	3093
858	1019
858	2161
858	2399
858	2622
859	922
859	1154
860	266
860	303
860	714
860	996
861	746
861	2008
861	2203
861	3364
862	48
862	1024
862	1029
862	2137
862	2810
863	1019
863	1097
863	2622
863	2797
864	922
864	1068
864	1153
864	1179
865	320
865	922
865	1179
866	1068
866	1153
866	2066
866	2203
867	996
867	1378
867	2055
867	3122
868	1583
868	2005
868	2797
869	541
869	922
869	1068
869	1248
869	2987
870	320
870	541
870	1068
870	2631
871	922
871	1154
871	1179
871	1748
872	432
872	1378
872	2401
872	2922
872	3373
873	746
873	922
873	1068
873	1179
873	2203
874	383
874	996
874	1378
875	1260
875	2008
875	2987
876	673
876	1019
876	2054
876	2253
876	2622
877	383
877	458
877	1007
877	1378
878	317
878	1019
878	1073
878	2093
878	2622
879	964
879	996
879	1007
879	3122
880	922
880	1068
880	1069
880	1783
881	458
881	1007
881	2055
881	3025
881	3122
882	266
882	996
882	1007
882	1266
882	2055
883	541
883	922
883	1252
884	266
884	383
884	2401
884	3122
884	3373
885	2012
885	2055
886	164
886	1069
886	1179
886	1252
887	1068
887	1069
887	1153
887	1748
888	266
888	1007
888	2441
889	2
889	558
889	1073
889	1097
889	2105
890	922
890	1068
890	1248
890	1252
890	2203
891	996
891	1379
891	2055
891	3122
891	3373
892	780
892	912
892	920
892	1178
892	3154
893	383
893	996
893	3030
893	3093
894	258
894	1009
894	2105
894	2253
895	541
895	922
895	1068
895	1154
895	2182
896	1154
896	1179
896	1783
896	2066
897	465
897	946
897	1233
897	2404
897	3154
898	714
898	2016
898	2401
898	3030
898	3170
899	247
899	317
899	1009
899	1097
899	2797
900	48
900	631
900	2294
900	3034
901	1068
901	1152
901	1248
902	432
902	1378
902	3373
903	558
903	673
903	1009
903	1073
904	164
904	1069
904	1179
904	2987
905	996
905	1007
905	2055
905	3030
906	541
906	1783
906	3121
907	383
907	714
907	996
907	1007
907	3373
908	303
908	996
908	1118
908	1379
908	3170
909	383
909	996
909	1378
909	1379
909	3122
910	48
910	1032
910	2089
910	2394
910	3054
911	383
911	996
911	2055
911	2441
911	3030
912	792
912	1073
912	1097
912	2622
913	1007
913	3093
914	1069
914	1154
914	2008
915	746
915	1179
915	1617
915	1783
916	383
916	714
916	996
916	1007
916	1928
917	164
917	1179
917	1748
918	320
918	922
918	1068
918	2203
919	266
919	383
919	964
919	996
919	1007
920	317
920	885
920	1009
920	1097
920	2087
921	922
921	1153
921	1179
922	996
922	1378
922	2401
923	317
923	1009
923	1019
924	320
924	922
924	1252
924	1783
925	266
925	383
925	996
925	1378
925	3373
926	788
926	1073
926	2162
926	2622
926	2872
927	266
927	996
927	2401
927	3373
928	792
928	1019
928	1967
928	2622
929	996
929	1007
929	1928
929	3170
929	3368
930	922
930	1179
930	2940
931	266
931	458
931	714
931	1007
931	2401
932	714
932	1928
932	2012
932	3074
933	247
933	317
933	1073
933	2622
934	320
934	922
934	1069
934	2631
935	2338
935	2810
936	383
936	432
936	1007
936	1378
937	317
937	1073
937	1583
938	320
938	922
938	1068
938	1179
938	2203
939	383
939	996
939	1008
940	792
940	1009
940	1019
940	2005
940	2253
941	1617
941	1748
941	2066
941	2203
942	266
942	1379
942	1928
942	2441
943	60
943	317
943	1097
943	2093
943	2399
944	1009
944	1019
944	1583
945	1179
945	1248
945	2066
945	2182
946	815
946	1232
946	1589
946	1892
947	432
947	714
947	3170
948	320
948	922
948	1068
948	1179
948	1248
949	266
949	487
949	996
949	1007
949	2055
950	1583
950	2140
950	2872
951	922
951	1179
951	1248
951	2186
952	673
952	1009
953	1179
953	2066
953	2203
954	266
954	1090
954	1670
954	1696
955	317
955	1009
955	1019
955	2622
956	1068
956	1179
957	1009
957	1019
957	2162
957	2797
958	1252
958	1783
959	1009
959	2253
959	2622
960	746
960	1783
960	2203
960	2726
961	746
961	922
961	930
961	1068
961	1069
962	922
962	1179
962	2203
962	2940
963	266
963	416
963	996
963	2055
964	922
964	1179
964	1748
964	2008
965	759
965	1145
965	2064
965	2330
965	2538
966	746
966	1260
966	1284
966	2008
966	2987
967	996
967	2016
967	2401
967	3025
968	1009
968	1019
968	2005
969	1009
969	1019
969	1073
969	2105
970	492
970	903
970	1589
970	1689
971	266
971	458
971	996
971	1007
971	2016
972	746
972	1069
972	2066
973	673
973	1019
973	2087
973	2105
973	2399
974	320
974	1068
974	1153
974	1154
974	2726
975	1422
975	1484
975	1689
975	2184
975	2873
976	946
976	1090
976	3154
977	885
977	1583
978	164
978	2066
979	996
979	2441
979	3170
980	922
980	1783
981	541
981	922
981	1179
981	1252
981	2940
982	746
982	922
982	1068
982	1069
982	1748
983	800
983	903
983	1086
983	1625
983	1689
984	996
984	2055
984	3122
984	3170
985	2
985	126
985	247
985	558
985	2797
986	922
986	1154
986	1248
987	266
987	714
987	1378
988	1264
988	1754
988	1892
988	2184
988	2686
989	60
989	1019
989	2161
989	2797
990	922
990	1179
990	1783
991	815
991	903
991	931
991	1484
991	1783
992	922
992	930
992	1152
992	1179
992	2203
993	383
993	996
993	2701
993	3122
994	792
994	2622
994	2872
995	746
995	922
995	930
995	1069
995	1179
996	383
996	599
996	996
996	1007
996	2896
997	317
997	1009
997	1019
997	1073
997	2253
998	922
998	1069
998	1154
998	2726
998	2940
999	492
999	903
999	1018
999	1086
999	2475
1000	996
1000	1007
1000	3122
1000	3373
1001	653
1001	673
1001	2043
1001	2797
1001	2968
1002	320
1002	746
1002	922
1002	930
1003	164
1003	320
1003	1068
1003	1252
1003	2186
1004	266
1004	996
1004	2012
1004	2055
1004	3373
1005	320
1005	922
1005	930
1005	1179
1005	1248
1006	210
1006	416
1006	996
1006	1379
1006	3373
1007	317
1007	673
1007	1009
1008	1179
1008	2203
1009	1484
1009	1892
1010	266
1010	383
1010	996
1010	1209
1011	1009
1011	2253
1011	2399
1011	2797
1012	1179
1012	2186
1013	714
1013	996
1013	1007
1013	1209
1013	3365
1014	317
1014	1019
1014	1583
1014	1920
1014	2622
1015	266
1015	1379
1015	2401
1015	2441
1015	3170
1016	2
1016	673
1016	2797
1017	164
1017	2987
1018	714
1018	1209
1018	1379
1019	210
1019	996
1019	1007
1019	3373
1020	996
1020	1378
1020	2401
1020	3122
1020	3373
1021	164
1021	922
1021	930
1021	1069
1021	2987
1022	1274
1022	1688
1022	2089
1022	2294
1022	3054
1023	247
1023	1009
1023	2797
1024	541
1024	1068
1024	1154
1024	1252
1024	2066
1025	1209
1025	2012
1025	2055
1025	3074
1025	3170
1026	60
1026	247
1026	558
1026	673
1026	2797
1027	416
1027	1378
1028	922
1028	1179
1028	2726
1029	1073
1029	2253
1029	2622
1029	2797
1030	746
1030	1068
1030	1069
1030	1154
1030	2066
1031	1007
1031	2401
1031	3122
1032	317
1032	1009
1032	1019
1032	2005
1032	2140
1033	922
1033	1069
1033	1179
1033	2940
1034	996
1034	1007
1034	2055
1034	3373
1035	885
1035	1009
1035	2087
1035	2253
1036	541
1036	930
1036	1179
1037	383
1037	714
1037	1007
1037	3122
1038	1009
1038	1019
1038	2105
1039	746
1039	1069
1039	1154
1040	320
1040	1179
1040	2203
1041	487
1041	996
1041	1007
1041	2401
1041	3373
1042	164
1042	1069
1042	2987
1043	266
1043	458
1043	1007
1043	2055
1043	2921
1044	996
1044	1209
1044	1379
1044	2055
1044	2478
1045	2
1045	673
1045	1019
1045	1073
1045	2872
1046	416
1046	714
1046	996
1046	3030
1046	3170
1047	788
1047	792
1047	1073
1047	1097
1047	3153
1048	746
1048	913
1048	922
1048	930
1048	1601
1049	2922
1049	3093
1050	320
1050	1069
1050	1179
1050	2726
1050	2987
1051	996
1051	1007
1051	1379
1051	3170
1052	746
1052	1154
1052	2066
1052	2203
1053	383
1053	996
1053	2055
1053	2921
1054	714
1054	1007
1054	2055
1054	2401
1054	2951
1055	320
1055	746
1055	922
1055	1179
1056	458
1056	996
1056	3093
1056	3373
1057	1009
1057	2043
1057	2087
1057	2253
1057	2399
1058	903
1058	1689
1058	1754
1058	1805
1058	2810
1059	303
1059	996
1059	2441
1059	3074
1060	1007
1060	1008
1060	2055
1060	3170
1061	1009
1061	1019
1061	1920
1061	2093
1061	2253
1062	266
1062	368
1062	714
1062	996
1062	1379
1063	368
1063	714
1063	996
1064	320
1064	922
1064	1154
1064	1179
1065	492
1065	1484
1065	1625
1065	1892
1065	2024
1066	996
1066	2401
1066	2441
1067	1179
1067	1252
1067	2182
1068	996
1068	2401
1068	2441
1068	2478
1069	1009
1069	1019
1069	1920
1069	2105
1069	2797
1070	746
1070	1154
1070	1284
1070	1748
1071	996
1071	1378
1071	1379
1071	2055
1071	3122
1072	1009
1072	1073
1073	996
1073	2441
1073	3074
1073	3373
1074	1019
1074	1073
1074	2797
1075	922
1075	1069
1075	1179
1075	2203
1076	964
1076	996
1076	1007
1076	3025
1077	1009
1077	1019
1077	1920
1077	2622
1078	673
1078	1009
1078	1073
1078	1920
1078	2105
1079	1179
1079	2008
1079	2186
1080	164
1080	1153
1080	1179
1080	1252
1080	3364
1081	1069
1081	1179
1081	1748
1081	2066
1082	1179
1082	1248
1082	2186
1082	2726
1082	3121
1083	903
1083	1589
1083	1689
1083	1805
1083	2414
1084	996
1084	1928
1084	2012
1084	2401
1085	247
1085	1009
1085	1019
1085	1073
1085	2797
1086	930
1086	1068
1086	1179
1087	1
1087	1032
1087	1274
1087	2089
1087	3054
1088	1179
1088	1252
1088	2008
1088	2182
1088	2726
1089	266
1089	714
1089	996
1089	2401
1089	3025
1090	320
1090	1069
1090	1179
1090	1267
1090	3364
1091	432
1091	1007
1091	1386
1091	2896
1091	3373
1092	714
1092	996
1092	2016
1093	930
1093	1179
1093	1783
1093	2008
1093	2203
1094	320
1094	746
1094	1068
1094	1069
1094	2203
1095	317
1095	2140
1096	320
1096	541
1096	922
1096	930
1096	1248
1097	383
1097	458
1097	487
1097	2441
1098	247
1098	1009
1098	1019
1098	1583
1098	2087
1099	320
1099	541
1099	930
1099	1068
1099	1179
1100	266
1100	996
1100	1007
1100	1209
1101	1009
1101	1019
1101	1654
1101	2105
1101	2253
1102	1009
1102	1019
1102	1073
1102	1967
1103	1179
1103	2940
1103	2987
1104	996
1104	1007
1104	2055
1104	2401
1105	320
1105	1179
1105	1748
1106	746
1106	922
1106	1069
1106	1179
1106	2726
1107	996
1107	2441
1107	3030
1108	317
1108	1073
1108	1920
1108	2087
1108	2093
1109	1252
1109	2008
1109	2726
1110	48
1110	745
1110	1022
1110	2687
1110	3054
1111	317
1111	1009
1112	996
1112	2055
1112	3373
1113	320
1113	1068
1113	1179
1113	1252
1113	2008
1114	996
1114	1209
1114	1378
1115	746
1115	922
1115	1069
1115	1179
1115	2066
1116	1009
1116	1073
1116	1583
1117	2
1117	673
1117	1920
1117	2093
1117	2399
1118	541
1118	1154
1118	1252
1118	1748
1119	320
1119	746
1119	930
1119	1069
1119	2940
1120	266
1120	1007
1120	1209
1120	2016
1120	2055
1121	996
1121	1007
1121	1378
1121	3373
1122	317
1122	1009
1122	1019
1122	2105
1122	2253
1123	320
1123	922
1123	1179
1123	1248
1124	266
1124	996
1124	1007
1124	1209
1124	2922
1125	458
1125	996
1125	2016
1125	2401
1125	3030
1126	942
1126	1069
1126	1179
1126	1617
1127	2
1127	792
1127	1019
1127	1848
1128	964
1128	1007
1128	1378
1128	2055
1128	3373
1129	922
1129	1069
1129	1179
1129	1252
1130	2
1130	673
1130	1009
1130	2161
1130	2797
1131	266
1131	996
1131	2921
1132	1
1132	48
1132	313
1132	1920
1132	2687
1133	2
1133	247
1133	1920
1133	2797
1134	922
1134	1248
1135	210
1135	416
1135	1283
1135	1378
1135	2441
1136	1
1136	1024
1136	1032
1136	1064
1136	2354
1137	247
1137	1009
1137	1073
1137	2253
1138	746
1138	922
1138	1069
1138	1154
1138	1748
1139	714
1139	1007
1139	1379
1139	3122
1140	746
1140	922
1140	1154
1140	1748
1140	2203
1141	996
1141	2055
1141	3122
1142	1009
1142	1073
1142	2093
1142	2622
1142	2872
1143	1248
1143	1617
1143	1783
1143	3121
1144	964
1144	1007
1144	1386
1144	2896
1145	1019
1145	2005
1145	2093
1145	2253
1145	2399
1146	1083
1146	1087
1146	1088
1146	1380
1146	2084
1147	1009
1147	1019
1147	2253
1147	2622
1148	492
1148	800
1148	1264
1148	2208
1148	2414
1149	996
1149	1007
1149	1209
1149	2401
1150	746
1150	922
1150	930
1150	1179
