1	468
1	464
3	466
4	472
5	489
6	466
8	470
9	472
10	467
12	472
14	466
15	470
16	382
22	472
29	120
33	120
34	120
38	465
39	490
43	464
45	489
48	120
58	489
59	120
62	470
63	120
71	490
82	469
87	120
88	468
90	469
98	423
101	489
102	120
104	469
105	489
108	420
108	470
112	219
117	466
126	464
127	468
129	468
131	466
134	470
136	120
137	490
139	490
144	420
147	466
148	120
153	490
156	420
161	469
162	489
163	489
169	469
170	490
172	490
175	489
181	100
189	411
193	420
196	466
201	120
203	467
206	490
214	120
215	470
218	489
221	470
224	489
226	467
227	490
229	467
232	382
238	467
242	466
249	382
270	120
274	469
277	472
279	489
282	472
283	469
285	467
287	382
289	469
290	120
299	470
307	183
312	466
313	122
315	490
318	467
320	489
330	465
331	464
333	467
335	469
339	466
340	467
344	490
345	120
353	120
355	489
359	420
363	490
365	490
368	464
370	470
372	467
378	470
384	420
388	382
394	464
394	97
396	472
398	489
399	420
403	490
409	489
412	420
413	120
416	470
418	420
418	35
420	120
422	420
423	469
428	464
433	489
438	468
446	490
450	472
454	490
456	490
458	467
460	490
462	470
463	468
464	120
477	467
480	466
481	467
482	467
484	469
485	467
489	420
490	490
501	489
502	464
505	382
511	411
515	490
518	467
519	469
522	470
522	468
522	466
522	427
522	465
522	207
522	606
522	116
525	467
528	420
530	472
531	467
532	472
538	469
544	469
550	490
551	469
571	420
580	469
583	120
586	120
593	489
594	319
599	420
602	470
607	163
610	420
612	382
615	470
622	219
623	467
624	470
625	420
628	466
630	467
631	467
642	464
644	490
645	244
646	469
647	469
658	490
660	103
663	490
667	467
668	102
673	420
675	466
680	120
682	464
684	489
691	466
692	489
696	382
697	490
698	120
700	382
703	420
704	420
705	465
708	120
710	468
710	489
713	120
715	490
716	470
717	489
719	466
726	120
730	467
732	489
736	467
737	490
738	470
740	163
741	120
746	420
751	120
752	489
755	469
756	420
758	470
759	219
761	467
763	467
771	469
772	467
776	489
778	420
783	220
786	490
789	467
790	473
797	490
802	467
804	470
808	420
811	489
813	489
816	469
817	420
823	120
826	57
827	120
832	382
833	464
850	490
853	489
854	489
858	466
860	464
865	420
872	466
876	219
877	469
880	489
884	319
888	100
892	468
895	489
900	489
904	120
909	411
910	467
913	163
914	464
915	420
920	120
926	420
934	420
941	490
943	464
947	490
948	469
951	490
956	472
957	120
959	490
960	464
961	120
965	420
969	120
970	470
971	464
972	420
975	467
976	490
989	120
993	464
994	489
995	467
997	489
998	420
1000	120
1003	191
1007	490
1008	420
1010	489
1015	120
1016	470
1018	489
1019	467
1020	490
1021	489
1023	120
1024	470
1025	120
1030	489
1031	318
1032	382
1034	470
1034	472
1035	120
1037	490
1038	464
1052	464
1053	490
1054	467
1055	220
1056	470
1062	469
1064	467
1066	469
1069	464
1071	420
1072	469
1076	469
1078	469
1079	470
1081	489
1084	467
1095	490
1098	489
1099	120
1103	490
1112	490
1116	466
1124	120
1126	466
1127	467
1129	490
1130	489
1136	469
1138	489
1142	467
1152	468
1154	490
1155	469
1156	120
1160	360
1162	489
1165	490
1168	120
1170	120
1174	490
1175	490
1186	490
1187	490
1188	489
1190	420
1193	183
1193	464
1195	420
1199	469
1203	489
1206	469
1207	465
1211	120
1213	315
1221	489
1229	467
1230	120
1233	489
1235	420
1238	120
1239	469
1241	489
1254	120
1256	490
1261	490
1264	420
1268	489
1273	467
1277	472
1278	466
1283	467
1289	490
1290	467
1293	490
1295	98
1295	467
1302	467
1312	219
1315	467
1322	120
1326	467
1331	467
1334	420
1337	490
1342	219
1343	469
1351	467
1353	489
1354	489
1357	467
1361	489
1368	470
1382	219
1384	489
1386	470
1391	470
1393	490
1397	489
1398	490
1402	464
1403	467
1404	469
1405	467
1411	489
1413	382
1415	467
1416	490
1417	468
1423	489
1425	382
1428	467
1436	467
1439	490
1444	6
1445	489
1446	420
1448	420
1450	490
1451	466
1453	420
1455	467
1456	489
1458	466
1459	472
1463	467
1464	490
1474	120
1475	120
1476	120
1477	489
1481	490
1483	120
1484	490
1485	120
1488	467
1494	472
1496	489
1498	472
1501	468
1503	490
1507	490
1508	420
1511	299
1518	469
1520	464
1528	489
1529	420
1530	120
1531	469
1532	489
1533	464
1535	466
1536	469
1537	467
1538	469
1544	467
1553	489
1562	468
1563	464
1569	469
1571	190
1573	120
1586	490
1589	420
1590	472
1592	469
1594	467
1598	489
1602	420
1603	490
1604	489
1608	490
1609	489
1611	490
1612	489
1613	472
1615	468
1617	467
1622	420
1623	472
1627	469
1628	490
1629	466
1630	466
1639	473
1642	489
1645	420
1650	420
1652	467
1654	489
1657	472
1664	467
1666	489
1669	490
1673	120
1674	489
1676	120
1678	468
1694	464
1695	489
1699	489
1700	420
1701	489
1710	464
1713	464
1723	382
1725	219
1728	490
1729	490
1731	489
1732	464
1733	467
1734	490
1739	6
1739	412
1741	472
1748	466
1754	466
1761	490
1763	469
1765	464
1766	490
1774	490
1775	472
1776	470
1777	489
1778	465
1779	467
1783	120
1784	57
1788	490
1789	470
1790	120
1791	490
1794	472
1795	490
1798	382
1799	490
1802	231
1802	599
1802	299
1802	186
1802	284
1802	180
1802	597
1802	198
1802	115
1802	321
1802	313
1802	473
1802	521
1802	409
1802	464
1805	466
1814	120
1815	489
1816	470
1822	465
1828	464
1829	472
1839	489
1840	470
1842	470
1843	120
1846	120
1848	415
1848	318
1848	311
1851	490
1852	489
1858	464
1863	120
1864	100
1866	120
1875	219
1876	489
1881	489
1884	411
1890	467
1891	466
1892	470
1893	464
1895	262
1895	371
1895	382
1895	562
1896	467
1897	470
1898	490
1900	489
1900	220
1906	544
1911	489
1915	120
1918	469
1922	466
1924	120
1926	420
1928	470
1929	467
1930	420
1931	120
1933	472
1940	420
1941	470
1946	465
1947	489
1949	466
1955	420
1959	489
1960	470
1961	120
1962	35
1967	467
1969	405
1970	490
1972	120
1973	470
1983	467
1984	489
1987	472
1988	464
1989	489
1992	420
1993	120
1995	490
1999	490
2001	489
2002	489
2004	468
2006	489
2009	489
2010	120
2012	489
2016	120
2021	489
2028	470
2036	490
2040	471
2042	489
2043	470
2044	420
2046	467
2047	364
2048	489
2049	469
2050	326
2052	469
2062	466
2067	489
2071	109
2073	490
2075	489
2079	489
2085	489
2088	470
2091	120
2093	490
2096	469
2097	120
2100	469
2102	382
2104	489
2107	489
2108	120
2109	470
2111	467
2124	466
2125	472
2131	420
2132	311
2135	489
2136	469
2140	420
2142	467
2143	490
2145	489
2146	120
2147	354
2148	489
2151	466
2152	490
2156	490
2162	490
2164	472
2166	472
2171	466
2173	120
2174	467
2179	489
2180	464
2181	490
2185	420
2191	120
2197	120
2198	319
2205	120
2206	467
2218	464
2219	472
2227	466
2229	472
2230	466
2232	469
2236	467
2237	420
2238	467
2246	490
2252	464
2255	489
2258	472
2260	489
2262	420
2269	466
2270	466
2275	470
2279	466
2282	469
2283	467
2290	489
2291	470
2295	120
2302	420
2305	120
2309	420
2314	467
2321	470
2335	469
2339	467
2341	467
2342	420
2344	411
2348	464
2352	490
2355	397
2358	146
2360	120
2363	470
2366	120
2367	489
2368	120
2370	490
2371	490
2383	469
2384	465
2385	489
2390	120
2392	466
2394	490
2396	469
2400	466
2403	489
2408	382
2410	464
2412	467
2416	489
2424	120
2430	472
2434	469
2437	467
2444	490
2448	163
2450	420
2451	420
2465	489
2466	382
2471	120
2478	420
2479	163
2484	490
2488	120
2489	120
2490	420
2491	489
2492	490
2497	420
2498	470
2502	464
2505	489
2509	420
2513	467
2514	465
2516	489
2517	489
2518	464
2523	490
2525	120
2530	466
2538	473
2543	472
2548	184
2551	470
2555	466
2558	469
2559	469
2560	120
2562	420
2564	490
2571	35
2578	489
2579	490
2580	490
2582	489
2583	490
2584	489
2585	490
2588	489
2590	120
2598	120
2600	120
2602	120
2616	490
2622	120
2625	466
2626	469
2631	489
2632	467
2633	145
2634	467
2640	163
2641	464
2644	490
2645	464
2646	120
2649	466
2650	490
2652	490
2653	490
2659	489
2660	84
2660	468
2660	377
2663	467
2664	472
2666	120
2667	490
2671	466
2676	469
2677	472
2682	467
2686	464
2687	468
2695	490
2702	467
2703	489
2705	490
2713	490
2714	467
2716	469
2722	120
2725	120
2732	420
2734	120
2736	469
2741	467
2748	466
2750	490
2753	465
2758	489
2760	472
2761	489
2763	470
2767	420
2770	467
2771	466
2775	382
2777	120
2778	84
2778	471
2782	420
2784	470
2793	467
2795	443
2795	506
2795	291
2795	140
2795	466
2805	120
2806	120
2807	163
2810	470
2815	222
2816	467
2816	466
2822	489
2829	318
2830	120
2832	470
2834	489
2835	467
2837	489
2838	468
2843	470
2846	489
2852	490
2853	490
2855	469
2857	219
2858	490
2864	469
2872	120
2873	490
2875	382
2876	490
2879	469
2881	467
2884	470
2888	464
2890	382
2893	490
2895	467
2899	490
2902	464
2903	489
2919	360
2920	470
2921	465
2925	490
2927	120
2928	120
2929	464
2930	469
2935	402
2935	599
2935	549
2935	43
2935	318
2935	209
2935	434
2935	75
2935	61
2935	422
2936	468
2939	464
2940	489
2942	120
2943	466
2947	100
2952	572
2952	377
2952	155
2952	318
2952	382
2952	109
2952	422
2952	240
2954	467
2955	120
2958	472
2963	120
2974	489
2980	145
2980	167
2984	490
2987	220
2995	120
2999	120
3001	120
3002	490
3006	466
3010	420
3013	490
3019	120
3028	470
3029	489
3030	490
3032	467
3035	467
3036	489
3037	420
3038	469
3039	468
3040	489
3041	489
3044	489
3055	467
3056	120
3062	466
3066	490
3070	466
3071	33
3073	120
3077	120
3078	109
3080	467
3083	469
3093	470
3095	466
3100	489
3109	120
3111	467
3113	489
3118	467
3125	464
3127	469
3145	490
3147	469
3148	466
3150	489
3152	470
3154	472
3160	420
3161	490
3163	490
3169	490
3175	490
3180	490
3181	467
3185	490
3187	490
3191	420
3192	469
3194	464
3198	472
3199	469
3200	464
3205	120
3207	466
3209	489
3212	120
3213	489
3214	469
3217	466
3218	489
3219	490
3220	490
3227	219
3233	490
3235	120
3237	467
3240	467
3251	420
3252	464
3253	490
3257	353
3259	466
3265	420
3274	6
3277	120
3279	490
3280	490
3281	464
3284	490
3286	489
3287	472
3291	420
3293	469
3296	470
3300	382
3301	489
3302	466
3306	420
3309	467
3312	420
3315	464
3317	470
3319	489
3324	489
3332	420
3333	464
3336	470
3341	468
3343	120
3346	470
3349	490
3352	469
3354	490
3355	469
3357	120
3359	469
3361	120
3363	420
3370	472
3374	490
3375	120
3376	466
3378	120
3379	466
3384	464
3387	464
3391	490
3392	468
3398	467
3401	120
3403	467
3405	490
3417	467
3430	198
3431	464
3432	468
3436	489
3437	468
3444	467
3450	120
3453	420
3461	490
3463	120
3467	97
3467	490
3472	469
3476	472
3478	489
3479	490
3481	468
3482	489
3485	469
3487	466
3489	316
3489	183
3489	256
3489	225
3489	318
3490	420
3491	120
3498	120
3501	473
3502	466
3509	299
3511	163
3519	467
3521	120
3522	467
3526	470
3530	467
3534	353
3537	381
3537	469
3538	420
3547	467
3548	301
3548	411
3551	319
3565	489
3566	467
3568	382
3571	490
3573	469
3581	490
3584	219
3585	406
3587	382
3588	467
3595	464
3596	420
3598	490
3599	472
3600	489
3604	470
3607	472
3608	490
3611	464
3614	420
3615	489
3622	163
3622	472
3622	458
3622	240
3623	219
3624	467
3625	467
3627	469
3634	489
3635	472
3637	467
3639	465
3642	489
3649	467
3650	420
3651	490
3653	489
3659	489
3661	489
3662	6
3662	420
3665	490
3666	489
3678	467
3680	120
3681	199
3683	467
3686	467
3691	490
3692	467
3693	120
3696	467
3698	490
3705	490
3714	469
3724	469
3727	472
3728	470
3729	467
3730	464
3731	467
3736	489
3742	420
3743	469
3751	120
3754	276
3755	467
3758	382
3759	472
3763	489
3780	489
3785	470
3788	120
3790	120
3796	489
3798	489
3799	467
3805	489
3806	470
3810	467
3812	472
3813	466
3822	489
3829	490
3838	467
3840	466
3841	467
3847	469
3849	489
3851	468
3856	466
3857	490
3867	219
3868	470
3870	382
3874	420
3879	489
3880	466
3889	468
3890	472
3896	470
3901	120
3908	489
3909	470
3912	472
3917	467
3922	120
3923	120
3929	464
3930	420
3932	120
3933	506
3939	120
3940	420
3940	120
3946	466
3947	469
3951	490
3954	120
3956	466
3964	464
3970	469
3971	382
3973	469
3974	472
3978	120
3980	120
3983	466
3987	464
3988	470
3995	468
4002	470
4004	490
4006	490
4023	469
4026	467
4031	120
4036	120
4038	469
4044	465
4047	464
4050	467
4051	420
4053	468
4054	464
4055	472
4057	489
4061	472
4062	490
4067	120
4068	57
4069	489
4070	420
4071	464
4079	470
4082	466
4085	120
4087	122
4088	120
4090	469
4096	120
4100	464
4101	464
4102	489
4107	382
4111	190
4115	467
4117	469
4120	469
4131	466
4138	490
4142	464
4142	472
4146	466
4154	420
4156	6
4157	411
4161	466
4165	490
4167	490
4168	420
4171	469
4174	469
4176	467
4177	472
4187	489
4194	472
4198	489
4200	467
4201	465
4202	489
4204	465
4208	120
4211	464
4218	470
4218	490
4223	489
4224	470
4225	145
4228	490
4231	163
4233	469
4235	489
4239	464
4242	469
4244	424
4245	469
4249	467
4252	470
4253	489
4256	120
4259	472
4261	489
4262	490
4265	120
4267	120
4269	6
4270	470
4271	420
4275	467
4278	472
4279	468
4282	473
4283	120
4296	470
4298	163
4301	470
4302	120
4306	467
4310	490
4312	467
4315	490
4324	466
4326	467
4326	490
4330	489
4334	467
4341	468
4352	467
4354	489
4355	467
4361	470
4362	489
4363	467
4367	120
4368	490
4370	219
4373	469
4376	470
4377	420
4385	467
4388	382
4396	472
4397	472
4398	489
4399	468
4401	490
4402	467
4410	467
4414	382
4416	489
4417	382
4418	467
4421	120
4422	469
4424	489
4438	489
4442	468
4443	490
4447	120
4449	467
4452	318
4452	562
4452	146
4452	299
4452	212
4452	54
4452	286
4452	466
4453	470
4455	470
4457	420
4458	467
4460	464
4469	470
4472	420
4476	464
4480	120
4482	489
4484	120
4485	120
4487	467
4490	467
4491	120
4492	490
4500	466
4505	489
4511	467
4515	120
4519	466
4520	464
4521	472
4526	472
4528	120
4536	472
4537	490
4546	489
4550	466
4553	420
4565	464
4570	472
4574	420
4576	466
4587	470
4591	464
4594	490
4595	490
4598	490
4600	469
4614	464
4620	490
4627	490
4630	469
4637	489
4644	464
4645	472
4646	466
4649	319
4651	472
4655	490
4662	411
4666	490
4671	470
4675	490
4676	120
4679	467
4683	120
4691	120
4696	420
4697	120
4701	469
4707	420
4709	420
4710	466
4715	521
4716	489
4728	472
4731	420
4733	120
4741	469
4743	470
4744	382
4750	490
4751	467
4753	120
4754	411
4762	120
4764	470
4766	470
4773	470
4775	470
4776	489
4780	466
4781	489
4791	468
4796	464
4798	467
4801	490
4805	469
4810	212
4811	466
4814	470
4816	382
4817	464
4821	472
4831	469
4843	467
4851	415
4858	489
4860	489
4867	100
4869	472
4871	490
4874	489
4877	420
4879	490
4884	469
4887	120
4888	490
4891	100
4892	490
4894	467
4896	469
4902	464
4904	467
4909	467
4910	120
4915	472
4918	467
4921	489
4923	466
4925	490
4930	467
4932	490
4933	464
4937	470
4940	382
4941	470
4948	382
4950	97
4951	466
4954	468
4957	490
4963	120
4964	490
4967	420
4971	469
4972	467
4973	464
4976	490
4979	490
4980	469
4983	490
4993	120
4995	468
4997	468
4999	225
5000	120
5005	489
5008	467
5016	469
5018	470
5019	489
5024	420
5026	120
5028	466
5030	490
5033	467
5038	464
5039	467
5043	120
5050	420
5053	466
5057	489
5058	382
5066	470
5067	120
5075	354
5080	466
5081	382
5088	120
5093	466
5098	467
5102	466
5105	489
5106	490
5109	464
5111	420
5117	120
5124	467
5127	464
5128	466
5140	490
5141	420
5142	489
5146	521
5149	470
5151	120
5153	489
5154	467
5156	420
5161	464
5168	469
5170	120
5175	100
5177	472
5181	473
5182	469
5184	468
5195	490
5197	489
5201	120
5202	464
5211	489
5211	466
5216	489
5217	6
5218	470
5219	120
5229	120
5232	120
5237	464
5240	464
5242	467
5246	420
5247	120
5248	489
5251	490
5256	120
5260	469
5262	470
5264	467
5269	420
5270	489
5272	489
5273	120
5274	420
5281	490
5287	469
5290	420
5291	219
5292	100
5294	120
5297	469
5298	120
5302	120
5306	464
5313	466
5316	466
5318	490
5324	469
5332	246
5332	219
5334	490
5337	467
5339	120
5347	489
5348	382
5349	470
5352	467
5356	490
5363	489
5369	382
5370	382
5375	120
5379	489
5384	506
5388	467
5394	490
5401	155
5403	120
5406	470
5411	469
5423	489
5425	490
5427	120
5428	489
5429	470
5431	225
5433	466
5434	490
5436	469
5439	469
5444	490
5453	467
5454	382
5455	470
5457	490
5461	120
5466	470
5468	489
5472	120
5473	490
5476	120
5478	464
5479	382
5480	191
5490	472
5497	382
5498	467
5506	490
5512	120
5517	489
5518	299
5522	490
5532	120
5534	382
5540	469
5541	490
5542	319
5543	467
5545	468
5559	469
5561	120
5566	464
5568	489
5569	220
5570	472
5575	489
5575	420
5579	470
5589	490
5591	467
5603	120
5606	489
5614	120
5616	490
5617	467
5619	120
5620	472
5621	420
5625	467
5627	490
5629	467
5632	472
5633	490
5638	490
5644	489
5645	219
5650	473
5652	120
5658	467
5659	420
5663	465
5664	120
5666	490
5667	469
5673	470
5677	470
5680	489
5697	467
5698	490
5700	467
5708	470
5709	469
5711	469
5712	420
5715	470
5717	120
5719	467
5733	464
5739	490
5741	489
5742	120
5744	120
5749	377
5749	411
5756	490
5757	467
5761	120
5774	469
5777	470
5779	120
5795	467
5797	120
5802	489
5803	469
5805	465
5806	489
5814	464
5816	489
5818	470
5820	311
5821	470
5822	466
5823	469
5830	120
5831	120
5832	464
5836	120
5839	120
5842	472
5844	490
5850	420
5854	120
5855	420
5856	120
5860	464
5863	420
5871	490
5883	466
5884	490
5886	489
5887	472
5888	472
5897	489
5901	468
5905	472
5906	120
5907	120
5908	489
5909	219
5910	467
5911	469
5922	489
5924	466
5925	490
5926	470
5951	120
5957	469
5973	489
5980	120
5981	219
5986	467
5990	489
5993	473
5996	469
5997	490
5999	469
6002	120
6006	120
6010	468
6010	420
6015	262
6018	470
6020	256
6024	472
6025	490
6029	470
6039	469
6041	489
6042	489
6045	420
6048	467
6050	470
6053	478
6072	490
6075	467
6076	470
6077	311
6077	478
6081	490
6085	489
6086	490
6087	120
6093	468
6094	469
6099	120
6105	467
6107	470
6116	467
6121	490
6126	489
6127	489
6128	489
6130	382
6133	420
6143	6
6149	120
6156	466
6157	469
6161	490
6165	490
6170	470
6172	120
6175	469
6180	489
6183	489
6186	490
6194	120
6200	489
6203	490
6204	490
6208	490
6209	120
6211	120
6212	120
6214	464
6221	468
6224	145
6224	420
6226	120
6231	120
6232	467
6236	466
6244	464
6247	120
6257	120
6267	469
6268	467
6269	467
6270	464
6272	489
6273	120
6276	420
6277	468
6280	464
6281	470
6282	490
6286	467
6290	420
6294	489
6297	120
6298	490
6299	468
6302	464
6308	467
6315	467
6317	465
6318	464
6319	382
6320	470
6321	489
6322	490
6326	489
6328	466
6329	145
6331	319
6331	420
6334	120
6335	469
6336	163
6339	420
6342	120
6343	490
6344	183
6349	490
6350	411
6352	120
6354	490
6356	489
6360	466
6363	420
6364	219
6366	467
6367	120
6373	120
6374	472
6375	489
6378	489
6384	145
6385	472
6388	490
6408	225
6417	469
6420	469
6421	120
6424	470
6426	467
6430	464
6437	489
6438	472
6441	469
6444	191
6445	420
6446	489
6458	472
6460	490
6461	489
6464	120
6466	489
6469	490
6472	490
6477	467
6480	120
6481	467
6484	120
6486	464
6486	163
6494	489
6497	467
6507	490
6513	382
6518	472
6519	472
6521	467
6522	424
6523	489
6525	470
6526	468
6527	120
6528	490
6529	469
6533	489
6536	490
6539	472
6540	120
6545	490
6546	420
6548	120
6549	490
6550	353
6553	470
6555	470
6556	490
6573	464
6575	469
6581	469
6582	469
6583	467
6585	120
6591	490
6595	163
6601	467
6604	489
6605	468
6606	467
6610	472
6612	464
6615	490
6618	120
6620	464
6621	319
6622	489
6624	464
6630	466
6631	469
6632	120
6633	490
6636	469
6639	467
6645	472
6648	100
6649	120
6653	467
6655	466
6662	472
6665	420
6668	470
6669	467
6670	489
6671	382
6672	490
6673	490
6674	465
6679	120
6681	191
6682	467
6683	489
6683	318
6688	467
6690	469
6692	489
6696	420
6703	467
6705	489
6715	145
6719	472
6722	467
6724	469
6726	472
6732	470
6738	469
6741	120
6744	490
6747	490
6748	467
6749	467
6750	466
6754	219
6763	467
6770	488
6772	469
6773	490
6777	382
6779	490
6784	490
6785	382
6792	490
6794	323
6794	319
6795	470
6797	489
6798	219
6801	424
6808	467
6819	468
6823	490
6826	470
6833	57
6840	489
6841	420
6842	490
6846	420
6850	120
6858	468
6859	489
6864	464
6866	120
6868	468
6871	469
6872	490
6873	489
6876	464
6878	467
6883	420
6884	420
6886	489
6891	489
6893	120
6894	472
6902	467
6903	469
6905	490
6906	472
6908	470
6910	464
6914	469
6915	470
6916	489
6917	468
6920	469
6922	120
6923	467
6923	75
6925	467
6926	490
6929	420
6931	466
6934	489
6940	120
6941	420
6945	469
6948	467
6956	490
6959	120
6969	489
6978	489
6986	120
6989	470
6993	470
7003	467
7005	490
7011	470
7015	467
7019	466
7020	490
7021	467
7023	382
7026	490
7028	120
7033	469
7034	466
7035	490
7038	490
7040	470
7041	420
7044	468
7050	489
7053	467
7058	120
7059	464
7063	489
7076	469
7077	420
7078	489
7080	469
7081	470
7082	219
7089	120
7091	490
7097	120
7098	472
7100	464
7101	219
7102	120
7104	464
7111	420
7113	472
7114	467
7115	75
7118	469
7123	473
7127	467
7132	163
7133	467
7134	467
7137	467
7140	420
7143	120
7146	319
7147	299
7151	490
7152	420
7154	489
7155	472
7156	490
7157	420
7161	120
7169	472
7170	468
7175	472
7178	467
7181	420
7182	219
7191	490
7194	120
7195	469
7196	120
7198	466
7200	191
7201	299
7202	470
7205	420
7207	489
7208	120
7209	489
7212	420
7216	120
7218	489
7219	489
7221	382
7223	469
7227	120
7230	489
7232	489
7237	219
7241	120
7242	490
7243	467
7254	120
7264	466
7266	122
7268	470
7272	326
7281	490
7282	466
7287	489
7288	120
7291	466
7293	420
7295	120
7296	467
7297	489
7298	490
7299	470
7300	464
7302	490
7304	467
7307	467
7310	411
7311	489
7313	467
7314	120
7316	420
7320	120
7329	468
7332	490
7335	464
7336	419
7346	467
7347	464
7353	467
7354	490
7356	489
7357	467
7358	420
7364	489
7367	470
7378	420
7387	467
7389	319
7396	469
7399	120
7400	469
7408	420
7410	465
7419	490
7423	120
7427	467
7431	469
7434	490
7436	490
7442	490
7449	466
7457	490
7458	120
7459	464
7460	470
7463	466
7464	6
7466	489
7477	489
7480	490
7481	469
7482	466
7483	382
7486	469
7487	464
7490	472
7495	490
7497	420
7499	467
7501	467
7503	467
7508	490
7509	420
7510	466
7513	120
7517	467
7523	420
7526	489
7529	467
7530	466
7535	489
7536	489
7539	469
7540	120
7541	120
7548	120
7552	411
7554	489
7560	470
7561	411
7563	490
7566	489
7568	467
7569	470
7573	468
7576	467
7581	469
7591	465
7593	120
7598	469
7600	490
7601	467
7602	467
7603	420
7605	466
7610	490
7613	490
7614	489
7615	466
7616	464
7619	120
7620	120
7622	464
7624	472
7626	490
7628	420
7636	490
7637	468
7650	490
7652	489
7654	466
7657	467
7660	472
7666	467
7675	120
7676	467
7678	420
7680	120
7683	319
7686	490
7692	467
7693	490
7694	301
7696	468
7700	120
7705	120
7707	489
7708	489
7709	120
7711	464
7712	466
7720	467
7723	465
7726	120
7729	466
7731	465
7736	489
7743	489
7744	470
7749	420
7753	467
7755	490
7756	466
7759	489
7764	420
7766	120
7767	468
7770	489
7773	490
7775	467
7776	466
7780	219
7783	464
7783	466
7784	464
7787	467
7792	489
7795	469
7800	466
7800	57
7804	489
7805	473
7815	490
7824	490
7826	469
7829	469
7830	490
7831	465
7832	382
7837	466
7839	219
7846	97
7847	120
7848	489
7852	120
7855	120
7861	490
7867	465
7868	464
7874	490
7874	415
7874	471
7875	490
7883	490
7887	467
7888	100
7890	120
7899	490
7899	489
7909	120
7911	469
7914	467
7923	490
7924	472
7926	472
7930	490
7933	490
7936	120
7942	191
7943	464
7956	490
7958	489
7961	490
7971	411
7982	318
7982	377
7983	470
7987	469
7989	490
7991	464
7992	464
8003	490
8004	489
8010	489
8011	469
8013	427
8013	326
8013	415
8013	465
8013	47
8013	97
8014	120
8015	529
8020	420
8022	489
8025	472
8028	420
8029	464
8030	120
8047	120
8050	466
8051	163
8053	467
8055	163
8057	467
8059	472
8063	469
8064	466
8066	464
8067	467
8074	469
8082	420
8083	470
8089	489
8090	489
8101	120
8109	489
8110	489
8112	219
8115	472
8122	120
8124	420
8130	469
8132	382
8135	420
8136	219
8138	472
8143	467
8146	411
8151	467
8152	490
8156	420
8157	473
8160	120
8161	467
8163	120
8172	467
8173	120
8187	470
8188	466
8191	467
8192	120
8195	467
8198	490
8202	420
8203	489
8206	472
8208	490
8209	467
8211	489
8215	464
8218	490
8219	490
8221	489
8224	472
8226	489
8229	468
8231	488
8231	472
8236	225
8238	489
8240	467
8242	420
8248	489
8256	467
8258	470
8261	464
8262	420
8265	120
8268	467
8275	382
8280	464
8281	466
8291	489
8294	33
8295	468
8299	490
8301	490
8303	468
8304	467
8305	246
8306	465
8308	490
8314	490
8319	467
8327	470
8329	100
8330	469
8333	120
8334	472
8339	467
8341	100
8343	472
8344	468
8345	489
8346	382
8352	468
8354	6
8366	466
8367	420
8371	489
8372	469
8376	120
8380	490
8382	472
8384	420
8387	420
8389	411
8391	472
8392	468
8393	468
8400	469
8401	490
8405	489
8408	489
8412	489
8413	466
8415	469
8418	489
8420	464
8424	466
8425	464
8426	472
8431	490
8432	490
8436	120
8437	466
8438	489
8442	489
8451	467
8453	466
8456	489
8465	490
8466	470
8471	120
8472	490
8473	466
8476	420
8478	467
8480	467
8484	472
8487	120
8492	420
8494	489
8503	420
8505	490
8507	464
8511	145
8513	489
8514	120
8516	489
8518	466
8525	467
8526	489
8527	420
8529	382
8532	489
8533	467
8543	466
8552	120
8554	489
8558	469
8560	120
8562	490
8566	464
8570	364
8571	489
8572	489
8573	489
8579	120
8580	469
8587	420
8589	468
8590	489
8592	469
8593	490
8604	467
8607	420
8611	466
8614	120
8619	469
8621	420
8623	489
8629	489
8631	467
8632	466
8634	490
8637	470
8645	468
8648	490
8650	471
8651	489
8655	470
8658	489
8660	469
8662	120
8670	420
8682	465
8684	464
8690	490
8691	489
8693	470
8696	489
8699	469
8700	464
8703	490
8704	467
8706	490
8709	468
8710	490
8712	326
8714	490
8718	467
8725	490
8727	472
8730	489
8732	470
8732	450
8733	467
8738	467
8739	490
8741	472
8742	382
8743	466
8744	420
8747	489
8753	469
8755	467
8758	420
8761	489
8762	219
8763	489
8769	120
8770	472
8776	420
8777	411
8787	420
8791	490
8792	490
8793	467
8796	490
8812	420
8818	490
8826	489
8828	490
8829	382
8832	120
8833	183
8835	470
8836	318
8839	472
8850	464
8854	319
8863	467
8864	469
8869	468
8871	467
8873	163
8879	472
8885	467
8886	466
8891	490
8892	219
8892	420
8909	490
8918	467
8919	489
8921	163
8926	420
8928	467
8932	420
8934	120
8935	467
8936	219
8940	120
8942	490
8944	467
8952	120
8955	420
8959	120
8960	420
8962	466
8972	466
8976	466
8980	472
8982	464
8985	470
8988	120
8990	489
8991	489
8996	490
8998	472
9004	468
9004	470
9005	466
9006	120
9009	489
9011	464
9018	469
9019	490
9020	6
9022	464
9030	137
9030	56
9030	581
9030	57
9030	470
9030	184
9030	183
9031	420
9032	470
9033	120
9034	489
9037	467
9039	466
9040	464
9042	120
9044	470
9047	472
9050	489
9053	470
9063	489
9064	470
9070	120
9074	120
9075	469
9077	489
9082	466
9084	490
9089	490
9090	489
9093	489
9099	319
9106	472
9117	364
9123	467
9128	120
9129	467
9132	490
9137	420
9140	467
9143	467
9146	464
9148	490
9152	470
9154	466
9155	467
9159	470
9164	464
9165	469
9171	120
9173	489
9174	420
9176	490
9180	467
9184	468
9188	120
9195	464
9197	299
9197	467
9201	464
9202	466
9207	470
9219	472
9221	490
9223	465
9232	467
9234	466
9237	469
9239	382
9240	470
9243	490
9251	489
9260	490
9261	467
9270	469
9271	468
9279	420
9282	490
9283	572
9283	98
9283	75
9285	469
9285	315
9286	120
9287	467
9299	120
9301	424
9307	490
9309	469
9311	489
9314	420
9319	472
9323	464
9324	467
9328	472
9330	489
9331	464
9333	472
9336	120
9337	464
9338	469
9339	489
9340	470
9342	120
9345	469
9347	490
9352	469
9353	467
9354	465
9355	467
9356	467
9358	420
9361	467
9365	145
9366	472
9370	490
9372	490
9386	468
9388	120
9397	120
9400	420
9404	467
9407	469
9409	467
9412	469
9413	191
9417	120
9420	489
9427	489
9432	490
9434	466
9439	420
9441	467
9444	472
9447	420
9448	490
9451	472
9455	489
9456	489
9458	489
9462	466
9463	120
9468	490
9471	420
9472	489
9473	467
9476	489
9479	489
9482	470
9488	469
9493	420
9496	412
9498	464
9504	420
9506	489
9509	490
9512	120
9517	420
9519	473
9530	464
9531	420
9532	420
9539	467
9542	471
9542	202
9542	212
9546	489
9548	470
9550	464
9551	490
9553	115
9553	291
9553	262
9561	489
9563	489
9563	354
9563	466
9567	464
9568	472
9574	464
9576	469
9577	120
9578	470
9581	465
9583	403
9584	219
9586	406
9586	183
9587	120
9588	473
9597	420
9600	120
9602	466
9603	145
9607	420
9608	489
9610	489
9611	464
9615	120
9626	469
9632	469
9633	466
9638	469
9643	470
9650	470
9655	466
9658	318
9659	467
9661	420
9663	466
9669	470
9673	420
9679	470
9679	489
9687	145
9693	490
9698	489
9700	470
9704	467
9707	467
9710	120
9718	420
9720	467
9729	489
9731	420
9745	467
9746	472
9751	137
9751	469
9756	472
9761	544
9764	468
9765	490
9768	57
9771	466
9774	103
9775	467
9780	315
9780	184
9780	175
9780	115
9780	415
9780	240
9780	376
9780	234
9780	467
9780	405
9780	445
9782	6
9786	465
9788	466
9792	120
9795	489
9796	490
9797	489
9808	464
9812	465
9822	490
9825	120
9828	489
9829	471
9832	469
9834	382
9840	120
9842	120
9855	120
9860	490
9864	468
9865	120
9869	490
9870	465
9871	464
9872	420
9874	490
9878	120
9880	544
9880	246
9880	50
9884	490
9886	469
9890	490
9891	472
9897	465
9905	490
9908	489
9913	120
9914	490
9915	466
9917	464
9919	469
9922	120
9931	489
9938	467
9940	120
9941	490
9943	467
9944	420
9948	466
9959	489
9967	469
9967	468
9968	490
9971	468
9979	466
9981	490
9981	183
9982	469
9991	120
9994	467
9997	466
10002	464
10014	120
10016	469
10028	420
10039	490
10042	490
10046	490
10047	489
10067	467
10075	472
10079	469
10081	326
10081	467
10093	120
10094	120
10103	469
10104	489
10111	489
10114	382
10117	464
10119	470
10120	120
10123	120
10126	489
10127	299
10132	467
10154	469
10157	490
10158	490
10159	467
10175	470
10179	225
10182	467
10183	467
10188	6
10196	466
10199	120
10207	466
10208	145
10213	490
10214	490
10215	469
10216	468
10224	469
10225	420
10238	472
10250	470
10257	489
10258	120
10260	187
10260	489
10262	469
10266	472
10271	471
10271	72
10271	427
10271	319
10277	466
10278	468
10285	120
10292	490
10294	490
10297	489
10303	469
10314	420
10315	467
10319	465
10331	420
10333	490
10334	470
10337	467
10343	120
10344	464
10345	490
10346	420
10350	466
10352	464
10353	120
10354	468
10356	420
10360	120
10368	469
10370	490
10373	489
10374	467
10380	469
10387	467
10388	120
10397	420
10398	490
10402	472
10403	472
10408	464
10410	472
10411	489
10414	469
10418	420
10421	469
10422	219
10423	466
10424	120
10428	120
10432	466
10433	420
10433	299
10435	466
10436	470
10439	467
10443	468
10462	489
10464	469
10475	120
10476	120
10477	120
10478	464
10487	470
10488	467
10489	466
10493	490
10494	470
10497	467
10503	472
10506	420
10507	489
10516	360
10517	120
10518	490
10519	490
10530	382
10532	490
10534	489
10537	120
10539	467
10541	470
10548	489
10550	490
10555	120
10558	467
10559	120
10563	466
10569	467
10586	382
10586	472
10596	382
10599	382
10600	489
10601	489
10607	489
10611	490
10622	466
10640	490
10647	468
10654	472
10658	470
10664	489
10665	470
10679	489
10688	468
10688	465
10690	382
10691	467
10702	276
10708	467
10713	469
10724	420
10734	382
10737	490
10740	489
10741	466
10742	489
10743	103
10743	58
10743	212
10751	470
10754	120
10758	120
10760	420
10772	468
10785	469
10788	490
10791	467
10792	470
10802	120
10804	120
10806	490
10807	467
10816	464
10818	468
10819	489
10825	489
10827	470
10830	472
10835	420
10848	489
10850	219
10854	467
10855	120
10862	489
10870	467
10874	490
10875	466
10876	489
10880	489
10883	490
10891	466
10895	120
10899	490
10900	467
10902	301
10918	469
10920	470
10927	490
10935	472
10939	489
10940	420
10942	470
10943	468
10949	120
10961	469
10962	472
10963	464
10964	464
10967	464
10969	469
10970	120
10974	219
10980	490
10981	468
10984	490
10985	470
10987	468
10987	467
10989	468
10998	219
10998	420
11001	472
11004	420
11006	490
11007	469
11009	470
11014	489
11016	489
11018	470
11019	489
11020	470
11022	420
11028	420
11033	489
11034	120
11039	382
11040	466
11047	100
11050	120
11061	120
11068	466
11074	420
11075	467
11084	120
11086	490
11090	466
11092	470
11095	472
11104	120
11106	120
11112	490
11113	466
11116	466
11117	466
11124	467
11125	490
11143	464
11148	420
11153	6
11153	473
11157	466
11158	489
11162	469
11163	489
11165	466
11168	469
11173	470
11176	466
11180	467
11183	472
11186	382
11188	468
11189	470
11190	467
11196	120
11206	467
11207	120
11211	490
11213	163
11220	470
11221	489
11232	490
11234	464
11237	382
11241	467
11243	489
11246	466
11249	489
11252	489
11254	489
11270	120
11273	470
11281	489
11282	489
11283	490
11285	490
11286	420
11288	472
11291	490
11292	470
11294	420
11298	120
11299	420
11305	120
11307	120
11311	57
11312	489
11315	420
11317	489
11321	472
11322	489
11328	469
11329	219
11330	420
11334	382
11335	470
11343	470
11345	468
11346	490
11351	489
11356	464
11356	375
11356	108
11357	489
11358	490
11360	411
11376	120
11379	120
11380	464
11383	465
11384	464
11388	469
11390	490
11391	469
11402	467
11403	490
11404	464
11405	470
11408	490
11409	470
11416	470
11417	468
11418	467
11419	470
11421	472
11422	490
11423	377
11424	466
11427	469
11432	467
11437	472
11438	466
11439	468
11441	468
11442	467
11447	470
11451	469
11452	120
11459	490
11466	382
11467	472
11468	120
11475	466
11477	489
11480	97
11485	120
11489	489
11492	490
11503	467
11506	120
11507	469
11514	470
11515	490
11522	469
11525	490
11527	120
11531	469
11539	470
11542	470
11546	183
11546	318
11547	489
11548	467
11551	467
11552	470
11553	120
11561	472
11561	468
11562	489
11565	420
11566	120
11567	120
11568	120
11570	467
11572	468
11574	467
11582	489
11586	467
11589	120
11591	490
11592	490
11593	120
11595	489
11603	466
11604	489
11607	489
11614	490
11617	225
11627	120
11628	466
11630	219
11636	420
11637	464
11639	467
11641	489
11644	490
11645	489
11646	490
11648	468
11649	472
11654	470
11655	472
11658	120
11660	470
11663	470
11675	470
11676	120
11677	120
11679	382
11680	469
11681	466
11689	469
11691	467
11695	466
11701	490
11707	382
11714	469
11731	490
11734	470
11735	466
11736	163
11739	420
11746	120
11748	470
11749	467
11750	120
11753	489
11754	489
11755	468
11766	489
11767	468
11772	470
11779	120
11783	464
11790	470
11792	470
11803	467
11804	466
11808	467
11815	489
11821	470
11831	489
11835	469
11838	490
11842	467
11850	467
11852	489
11854	120
11857	470
11858	490
11860	489
11861	318
11861	597
11861	411
11861	380
11861	115
11863	472
11866	490
11867	466
11868	468
11869	466
11875	490
11876	411
11882	490
11886	470
11897	120
11902	468
11904	467
11909	420
11912	411
11918	470
11920	490
11926	489
11927	468
11937	467
11940	466
11943	420
11946	464
11952	120
11954	120
11957	420
11958	468
11962	489
11966	489
11968	490
11987	420
11990	489
11991	467
11992	468
11997	466
12002	489
12003	311
12003	465
12004	420
12005	420
12010	420
12013	470
12014	466
12018	470
12022	470
12033	489
12039	470
12040	490
12044	467
12048	120
12049	472
12050	469
12055	489
12059	489
12061	468
12063	490
12064	466
12070	472
12071	420
12074	489
12082	120
12083	467
12092	464
12098	470
12105	466
12113	489
12116	120
12117	490
12118	490
12120	490
12121	465
12123	469
12126	467
12131	467
12135	489
12136	489
12138	490
12142	120
12144	191
12148	490
12154	469
12157	466
12163	219
12165	420
12170	469
12171	467
12176	382
12181	120
12201	469
12207	490
12209	120
12210	469
12220	469
12228	467
12231	472
12232	467
12239	469
12241	490
12242	470
12243	120
12250	489
12253	489
12254	470
12255	120
12258	120
12262	470
12268	489
12269	466
12272	420
12274	490
12275	467
12279	120
12280	489
12282	466
12284	120
12289	470
12300	420
12302	489
12308	468
12311	466
12315	467
12317	466
12319	489
12319	403
12322	489
12323	420
12324	472
12333	489
12339	120
12345	469
12356	490
12358	469
12359	466
12361	466
12365	466
12366	490
12370	415
12370	219
12381	420
12383	120
12393	469
12394	468
12396	464
12397	489
12398	464
12402	473
12403	470
12406	354
12416	489
12419	467
12421	120
12422	489
12426	120
12428	420
12429	489
12430	469
12440	464
12441	490
12443	490
12444	490
12455	219
12457	490
12463	464
12467	468
12467	489
12472	120
12480	490
12482	489
12484	490
12489	382
12493	470
12497	6
12497	468
12498	420
12500	469
12501	420
12504	403
12514	489
12520	489
12527	470
12557	473
12564	470
12565	466
12569	420
12571	472
12572	219
12574	364
12576	467
12577	470
12579	470
12583	276
12583	470
12583	572
12585	465
12587	100
12589	489
12591	467
12592	469
12593	120
12594	464
12597	490
12605	469
12606	489
12608	360
12609	490
12611	120
12619	489
12621	120
12630	470
12631	490
12637	120
12639	489
12648	489
12649	420
12650	466
12651	472
12656	163
12658	489
12659	145
12660	465
12663	472
12669	467
12670	464
12678	467
12687	219
12689	489
12690	466
12693	490
12694	470
12698	489
12700	420
12707	219
12714	467
12716	467
12725	490
12726	120
12728	466
12730	472
12739	467
12748	490
12749	464
12761	469
12763	467
12764	120
12765	469
12768	490
12780	382
12784	470
12789	464
12791	467
12792	469
12793	467
12800	470
12805	464
12810	466
12815	489
12822	466
12824	120
12830	464
12834	469
12835	464
12838	470
12839	464
12842	467
12854	466
12855	490
12860	470
12861	120
12862	490
12869	466
12871	489
12874	467
12877	420
12878	472
12880	467
12881	120
12884	489
12886	470
12892	490
12894	466
12897	472
12902	382
12908	490
12912	490
12926	470
12930	470
12942	470
12943	466
12944	489
12945	464
12946	464
12948	219
12951	464
12955	382
12957	464
12959	464
12961	466
12967	120
12970	467
12972	489
12973	467
12976	467
12977	120
12981	469
12999	490
13000	489
13001	490
13003	219
13005	490
13007	490
13011	212
13012	489
13014	466
13015	467
13023	472
13024	489
13026	470
13030	467
13037	467
13039	466
13040	467
13046	84
13046	240
13048	57
13048	98
13049	163
13050	472
13051	420
13052	467
13053	467
13057	311
13057	240
13064	420
13065	489
13070	490
13075	467
13081	490
13083	466
13083	471
13087	464
13089	120
13096	470
13097	489
13104	489
13105	490
13112	472
13117	470
13121	470
13122	469
13124	120
13126	467
13127	464
13129	420
13134	120
13136	490
13140	490
13142	464
13148	490
13149	420
13151	420
13154	469
13156	382
13158	420
13164	469
13182	464
13186	468
13187	382
13189	465
13190	466
13198	120
13199	246
13200	490
13202	382
13203	467
13204	469
13206	120
13207	489
13210	489
13214	382
13221	490
13225	467
13238	120
13242	469
13246	120
13248	489
13253	382
13256	464
13267	120
13273	489
13275	469
13277	490
13278	467
13287	489
13289	489
13292	489
13293	470
13294	467
13302	464
13307	120
13308	490
13312	382
13321	489
13322	489
13324	469
13328	420
13330	464
13333	489
13335	472
13343	276
13346	122
13348	420
13351	467
13352	489
13358	489
13361	469
13365	489
13367	470
13370	120
13374	490
13376	489
13377	120
13396	467
13397	470
13397	472
13399	469
13401	466
13402	489
13411	464
13413	382
13418	464
13421	464
13423	120
13425	420
13428	489
13431	466
13432	469
13436	420
13438	420
13440	420
13444	489
13449	489
13452	490
13460	467
13461	120
13469	489
13471	464
13478	470
13479	467
13480	120
13481	420
13482	420
13483	469
13484	120
13496	469
13500	466
13508	120
13509	489
13513	472
13514	464
13524	467
13525	120
13527	467
13529	490
13535	464
13537	490
13541	468
13548	464
13554	420
13556	489
13560	490
13565	381
13565	599
13565	412
13565	506
13565	472
13570	420
13573	489
13578	470
13585	120
13587	465
13588	489
13590	489
13591	490
13592	163
13593	120
13608	219
13611	489
13617	467
13630	120
13631	120
13634	489
13635	489
13649	489
13655	57
13660	489
13661	468
13661	478
13668	466
13671	490
13681	120
13685	490
13703	464
13709	489
13712	464
13720	490
13737	489
13750	466
13752	466
13753	472
13755	490
13756	469
13757	489
13762	464
13763	116
13763	451
13772	120
13773	489
13774	489
13776	470
13785	466
13789	468
13790	470
13798	490
13799	467
13802	521
13804	472
13813	468
13815	490
13826	464
13827	468
13828	464
13829	467
13834	120
13838	465
13840	490
13842	467
13845	466
13846	490
13847	464
13848	464
13852	467
13855	467
13857	465
13863	420
13865	489
13871	468
13872	467
13874	470
13876	489
13877	469
13881	120
13882	467
13884	489
13886	490
13887	120
13890	467
13899	470
13901	468
13904	490
13908	464
13912	467
13913	120
13914	469
13923	468
13928	489
13934	120
13936	489
13945	120
13949	469
13951	490
13953	469
13959	420
13961	468
13963	120
13965	120
13966	120
13972	219
13980	264
13981	465
13982	120
13984	490
13994	490
13995	490
13996	466
14002	120
14003	490
14006	120
14011	353
14011	490
14015	420
14017	120
14033	466
14043	120
14046	420
14049	465
14050	490
14055	212
14055	464
14055	572
14055	286
14055	377
14060	420
14064	470
14069	465
14072	490
14074	472
14082	318
14082	445
14082	75
14082	140
14084	467
14087	464
14098	489
14101	466
14103	318
14110	489
14112	489
14115	489
14118	470
14126	467
14130	464
14137	120
14147	472
14149	468
14152	466
14155	467
14156	145
14158	489
14168	219
14172	470
14174	489
14176	120
14178	120
14187	467
14188	420
14193	120
14194	489
14199	276
14206	470
14207	490
14208	472
14212	470
14218	467
14219	467
14221	120
14224	466
14230	467
14234	120
14235	490
14238	490
14243	470
14244	466
14247	468
14248	382
14250	490
14258	420
14263	120
14265	469
14266	490
14272	470
14273	420
14274	564
14276	467
14284	120
14285	490
14290	120
14297	191
14298	466
14310	120
14314	469
14319	120
14320	489
14321	489
14325	469
14328	420
14335	490
14336	470
14338	467
14340	364
14343	120
14352	470
14355	470
14356	489
14361	163
14363	145
14366	470
14368	120
14371	470
14372	472
14373	489
14375	464
14377	468
14380	472
14382	117
14384	469
14394	472
14398	470
14399	465
14407	464
14412	489
14413	469
14421	469
14429	120
14433	420
14439	469
14441	120
14442	489
14442	276
14447	466
14449	466
14451	467
14460	382
14461	467
14466	472
14467	467
14468	490
14472	489
14476	473
14482	490
14484	467
14495	489
14497	467
14501	420
14502	490
14506	470
14509	469
14512	490
14518	219
14528	466
14530	451
14533	489
14540	120
14545	490
14554	465
14556	120
14557	489
14562	469
14568	489
14569	420
14579	120
14581	219
14582	470
14585	469
14598	467
14600	468
14601	489
14605	467
14606	120
14609	120
14612	120
14613	469
14615	120
14616	304
14616	75
14616	97
14616	376
14616	180
14616	506
14617	420
14621	469
14622	470
14626	219
14633	467
14640	120
14646	464
14652	490
14654	469
14658	467
14659	411
14668	489
14672	470
14673	468
14677	466
14688	120
14693	420
14694	6
14697	490
14705	470
14709	219
14710	469
14715	489
14720	469
14723	470
14725	490
14726	466
14730	120
14731	489
14734	420
14736	489
14743	490
14745	489
14746	472
14751	470
14756	420
14764	420
14765	464
14769	420
14772	467
14774	120
14778	490
14787	420
14788	304
14788	489
14788	468
14788	411
14789	466
14791	420
14792	472
14793	120
14803	468
14804	489
14810	490
14811	490
14814	490
14818	472
14821	420
14830	489
14832	490
14839	467
14840	420
14841	420
14843	490
14851	219
14855	466
14858	490
14869	468
14870	489
14873	467
14878	489
14879	472
14888	490
14890	473
14892	120
14893	467
14894	467
14896	467
14897	470
14898	469
14899	466
14904	120
14905	467
14919	469
14921	470
14923	420
14931	468
14932	120
14939	469
14940	465
14945	489
14947	468
14954	464
14955	468
14956	420
14960	472
14962	420
14964	420
14965	469
14969	489
14970	470
14972	470
14977	468
14979	465
14981	489
14987	420
14990	468
14992	360
14993	464
14999	467
15007	470
15011	490
15012	468
15015	120
15020	354
15021	467
15023	191
15033	382
15034	470
15036	470
15040	420
15044	469
15052	466
15053	102
15056	472
15060	490
15062	120
15064	469
15068	120
15070	108
15072	467
15073	489
15077	464
15081	472
15085	468
15086	466
15090	469
15093	468
15094	420
15098	420
15100	467
15103	472
15106	489
15107	490
15112	464
15118	469
15121	472
15123	469
15126	467
15127	489
15132	467
15136	469
15138	470
15138	490
15145	489
15148	466
15149	467
15150	489
15153	472
15157	490
15162	521
15166	469
15167	489
15168	490
15175	470
15176	120
15177	420
15180	420
15183	489
15186	472
15187	490
15190	490
15199	466
15201	489
15203	490
15206	467
15209	464
15210	490
15211	469
15215	489
15218	467
15225	469
15228	120
15231	490
15237	464
15239	411
15247	464
15251	489
15256	382
15258	464
15260	490
15266	470
15268	466
15272	467
15273	489
15280	469
15281	470
15293	464
15294	411
15300	489
15301	120
15305	469
15306	163
15314	467
15320	467
15321	219
15322	469
15326	490
15329	466
15330	490
15332	490
15339	451
15341	490
15345	382
15350	490
15351	465
15353	489
15356	489
15359	489
15371	466
15374	472
15376	490
15377	490
15379	472
15390	411
15392	468
15393	420
15394	466
15401	326
15404	472
15407	467
15412	489
15413	489
15414	465
15419	411
15422	120
15426	468
15427	420
15431	420
15439	350
15443	420
15444	489
15445	489
15450	489
15451	490
15453	120
15458	382
15460	472
15463	466
15471	490
15474	467
15477	120
15478	467
15480	490
15499	489
15500	489
15501	490
15502	490
15504	470
15507	103
15509	387
15511	489
15513	120
15514	470
15518	464
15521	120
15523	420
15526	469
15528	466
15531	466
15535	103
15536	489
15537	469
15538	490
15541	489
15547	490
15554	100
15559	490
15566	466
15567	467
15570	191
15572	467
15582	120
15583	467
15586	120
15589	219
15598	490
15602	469
15608	490
15618	382
15621	464
15622	489
15625	382
15632	466
15633	467
15634	470
15635	120
15636	466
15637	489
15644	120
15646	490
15647	469
15648	102
15651	468
15653	468
15654	382
15655	469
15659	470
15664	467
15665	490
15673	318
15677	472
15678	490
15683	489
15685	490
15689	465
15691	163
15693	145
15694	489
15695	489
15697	467
15700	490
15702	120
15703	465
15706	420
15713	120
15716	467
15717	489
15718	420
15720	318
15723	468
15724	466
15726	489
15730	464
15748	489
15750	490
15751	420
15756	470
15758	464
15759	120
15760	470
15762	490
15774	420
15783	469
15785	472
15788	490
15791	120
15793	472
15798	420
15798	467
15802	467
15805	469
15809	489
15811	467
15815	219
15817	120
15820	467
15822	470
15823	469
15830	464
15832	466
15836	464
15839	120
15857	466
15858	469
15860	420
15863	120
15866	464
15867	470
15873	467
15882	490
15884	489
15894	469
15895	467
15898	464
15902	521
15903	489
15909	472
15910	420
15913	489
15918	470
15919	489
15924	466
15928	420
15930	464
15931	466
15937	490
15940	120
15942	468
15946	489
15949	489
15951	467
15952	163
15953	489
15958	219
15959	489
15960	489
15961	420
15962	490
15966	490
15970	360
15973	420
15978	490
15991	489
15992	467
15993	467
15999	420
16002	489
16004	470
16009	120
16010	466
16013	467
16014	472
16015	466
16016	382
16017	120
16021	467
16055	490
16058	411
16068	467
16072	468
16078	120
16083	490
16084	464
16093	467
16094	470
16101	472
16105	469
16114	490
16117	120
16118	466
16122	469
16123	467
16125	468
16129	472
16135	467
16139	464
16150	489
16151	489
16154	120
16155	467
16156	209
16157	420
16162	466
16164	466
16173	490
16174	464
16184	466
16189	120
16197	472
16199	120
16201	490
16202	472
16207	264
16214	467
16222	472
16223	467
16226	225
16228	467
16234	420
16235	122
16235	120
16241	490
16248	467
16250	120
16256	382
16259	467
16267	120
16272	467
16273	468
16276	489
16277	464
16282	420
16284	467
16288	120
16289	464
16292	466
16299	120
16301	489
16304	489
16313	490
16316	468
16317	490
16327	464
16329	467
16332	465
16334	420
16335	468
16338	490
16342	472
16348	544
16349	420
16351	420
16356	469
16360	466
16362	490
16365	464
16375	464
16377	420
16377	521
16378	120
16381	468
16390	219
16395	489
16398	464
16400	470
16405	467
16409	470
16411	469
16412	467
16422	33
16423	470
16424	489
16426	490
16428	489
16431	469
16434	466
16441	469
16444	467
16445	464
16446	472
16452	489
16456	467
16458	490
16460	472
16464	120
16466	420
16467	109
16468	489
16472	467
16473	420
16477	464
16479	465
16480	420
16490	490
16498	120
16505	489
16509	467
16521	467
16535	489
16537	490
16538	382
16544	490
16550	354
16552	489
16555	489
16560	490
16578	420
16580	489
16583	299
16583	319
16584	489
16586	464
16588	120
16600	468
16606	464
16611	467
16613	120
16616	466
16624	490
16626	469
16629	420
16630	490
16633	469
16634	464
16635	470
16639	464
16640	466
16642	489
16645	470
16647	466
16648	467
16649	120
16651	120
16667	420
16668	420
16670	464
16674	467
16685	120
16691	489
16699	466
16705	469
16707	490
16712	469
16719	489
16721	489
16723	468
16726	466
16735	382
16737	466
16739	489
16746	489
16748	467
16751	490
16752	489
16755	120
16757	489
16758	470
16761	489
16765	469
16771	467
16772	469
16781	470
16787	472
16789	489
16791	467
16793	467
16797	120
16803	489
16812	489
16816	120
16818	468
16821	464
16833	120
16843	489
16844	469
16848	469
16849	489
16865	382
16870	467
16872	490
16875	490
16876	489
16877	467
16878	311
16878	465
16880	489
16884	467
16887	490
16890	467
16896	489
16899	469
16903	470
16904	469
16906	472
16909	468
16910	467
16911	472
16915	472
16918	469
16919	120
16924	382
16926	464
16929	467
16930	490
16932	490
16933	464
16936	191
16940	464
16942	490
16946	469
16950	464
16951	472
16954	490
16961	469
16977	469
16983	469
16985	464
16997	354
17002	420
17010	468
17012	467
17026	464
17029	469
17032	490
17033	490
17036	467
17038	467
17041	219
17046	489
17050	467
17051	490
17055	470
17058	467
17063	490
17065	490
17067	6
17069	470
17073	472
17077	467
17081	465
17093	120
17097	489
17098	469
17101	420
17104	120
17105	163
17110	420
17111	489
17112	470
17116	489
17121	120
17125	420
17134	490
17135	469
17137	420
17138	470
17143	490
17145	120
17146	464
17149	33
17149	490
17149	300
17151	467
17155	470
17158	466
17159	219
17161	467
17163	464
17166	120
17167	120
17172	490
17173	469
17179	468
17183	490
17188	120
17190	490
17194	490
17196	420
17197	466
17198	382
17200	489
17203	467
17206	489
17208	470
17221	464
17222	420
17223	163
17224	466
17227	490
17229	420
17233	489
17235	468
17236	467
17237	489
17239	465
17253	468
17254	490
17263	120
17268	120
17271	467
17275	490
17286	490
17292	464
17295	490
17297	467
17305	466
17306	469
17312	490
17319	465
17320	420
17322	319
17325	466
17328	490
17330	469
17336	120
17337	489
17344	120
17345	472
17346	467
17349	382
17353	120
17356	120
17361	467
17362	490
17368	470
17375	489
17378	470
17380	472
17381	467
17383	470
17384	467
17389	467
17390	382
17392	120
17398	219
17399	466
17404	420
17406	490
17411	470
17412	489
17420	472
17421	470
17425	469
17426	468
17428	319
17432	472
17437	382
17440	470
17441	489
17444	489
17447	466
17453	489
17461	490
17463	490
17464	489
17473	469
17474	467
17475	466
17477	420
17483	489
17492	468
17495	470
17496	464
17498	490
17499	490
17505	120
17506	490
17509	489
17518	466
17519	468
17523	489
17526	466
17529	219
17532	489
17533	490
17543	472
17546	219
17547	191
17550	120
17553	489
17554	489
17555	469
17558	464
17561	466
17563	420
17567	490
17568	467
17578	467
17582	489
17594	478
17595	120
17597	120
17601	489
17602	466
17607	490
17609	464
17614	490
17615	420
17619	58
17621	489
17623	120
17624	469
17632	467
17634	490
17636	490
17638	466
17644	467
17645	489
17651	470
17652	544
17655	120
17662	470
17664	466
17666	465
17667	489
17675	120
17682	467
17699	120
17701	464
17702	120
17710	470
17715	120
17717	467
17722	219
17724	490
17725	467
17731	467
17733	489
17739	490
17755	489
17757	467
17768	490
17770	472
17771	120
17773	469
17775	120
17783	470
17785	466
17791	120
17798	490
17799	467
17811	468
17818	420
17820	466
17821	490
17825	120
17826	467
17829	467
17836	470
17843	382
17845	467
17846	420
17847	120
17851	219
17853	469
17858	490
17860	490
17864	420
17866	219
17867	467
17869	467
17876	219
17877	464
17881	490
17882	467
17885	469
17892	473
17893	470
17894	382
17901	490
17902	467
17912	382
17918	470
17920	219
17928	469
17929	472
17931	472
17933	464
17934	470
17935	470
17936	120
17937	120
17938	467
17942	472
17948	489
17950	464
17952	469
17954	472
17955	489
17958	382
17962	468
17970	467
17977	96
17980	469
17986	489
17991	470
17996	420
17998	489
17999	489
18002	120
18003	489
18004	489
18007	382
18008	466
18014	469
18018	489
18019	219
18020	490
18033	489
18034	490
18040	490
18041	490
18045	420
18048	470
18050	489
18056	120
18057	473
18060	120
18062	246
18067	489
18075	490
18084	489
18086	472
18096	464
18102	467
18108	469
18111	120
18113	468
18117	467
18124	465
18129	467
18142	467
18144	472
18152	469
18154	489
18156	490
18158	466
18165	490
18166	467
18170	470
18175	469
18177	464
18178	470
18179	120
18180	103
18182	490
18186	467
18187	467
18188	464
18190	472
18192	466
18195	489
18196	489
18209	467
18213	382
18216	464
18221	120
18222	472
18223	489
18224	478
18226	467
18227	489
18244	466
18245	145
18248	299
18249	490
18250	467
18251	472
18259	489
18280	120
18287	466
18292	469
18294	420
18302	464
18304	472
18305	469
18306	354
18310	469
18313	464
18316	489
18318	467
18322	464
18334	490
18338	469
18340	467
18348	464
18355	120
18358	464
18360	120
18361	490
18368	465
18370	420
18371	420
18373	467
18379	420
18382	467
18384	120
18386	489
18394	489
18399	472
18405	467
18407	467
18413	120
18416	467
18418	489
18420	382
18421	470
18422	489
18423	120
18426	420
18429	466
18437	183
18438	472
18442	470
18446	470
18453	420
18454	470
18458	472
18458	470
18463	467
18465	470
18471	464
18479	120
18484	489
18486	120
18489	472
18491	464
18499	470
18500	120
18501	469
18505	467
18506	382
18508	120
18514	490
18517	120
18522	469
18527	489
18528	468
18533	468
18540	469
18547	490
18548	489
18550	470
18554	219
18555	469
18559	467
18563	57
18565	467
18571	469
18573	120
18582	470
18590	464
18591	420
18593	490
18596	470
18597	411
18603	467
18603	469
18605	466
18614	120
18621	467
18622	490
18632	472
18635	464
18637	490
18640	472
18645	470
18647	120
18651	466
18654	191
18657	470
18658	120
18660	468
18670	489
18671	469
18672	490
18677	472
18679	470
18680	464
18688	489
18690	219
18691	469
18692	467
18695	120
18696	470
18697	470
18699	489
18707	120
18710	464
18713	489
18719	469
18724	489
18730	490
18732	466
18733	219
18735	490
18736	420
18738	145
18738	122
18738	371
18738	163
18738	381
18738	207
18738	326
18738	75
18738	562
18743	420
18748	469
18752	120
18755	466
18759	120
18760	109
18767	420
18771	120
18777	470
18790	489
18792	464
18794	465
18800	490
18801	120
18803	411
18807	354
18810	489
18814	225
18815	466
18816	219
18821	120
18825	490
18827	420
18829	120
18833	470
18836	470
18841	489
18846	469
18848	420
18856	469
18860	420
18861	490
18867	489
18871	490
18875	489
18878	489
18886	469
18891	466
18892	490
18893	489
18897	155
18900	467
18904	470
18906	219
18908	466
18910	470
18912	420
18913	466
18915	120
18919	470
18924	219
18926	470
18935	490
18937	411
18940	382
18942	382
18954	120
18956	120
18957	489
18961	420
18965	469
18966	120
18969	489
18970	490
18973	470
18978	468
18986	489
18987	469
18989	472
18995	375
18996	473
19002	420
19005	420
19010	420
19011	469
19012	489
19017	466
19020	412
19023	472
19035	467
19037	466
19039	467
19042	470
19044	490
19045	489
19047	120
19054	489
19055	465
19055	420
19060	470
19064	490
19070	420
19071	472
19074	489
19077	466
19080	120
19085	470
19091	490
19100	470
19102	489
19116	120
19118	464
19121	469
19124	420
19134	420
19136	420
19141	489
19144	467
19145	468
19148	472
19155	466
19157	489
19160	470
19161	120
19162	467
19166	468
19168	490
19172	490
19173	420
19178	464
19182	489
19186	489
19187	472
19188	120
19195	490
19196	469
19203	467
19204	472
19205	490
19210	490
19211	464
19212	466
19214	120
19219	490
19221	470
19226	467
19228	489
19230	467
19233	467
19243	489
19244	489
19245	469
19248	489
19250	467
19253	489
19256	466
19261	470
19262	464
19263	489
19267	490
19272	490
19273	467
19279	490
19283	490
19289	469
19291	489
19292	120
19299	420
19300	469
19303	468
19309	465
19315	420
19321	467
19323	490
19332	467
19333	120
19341	490
19344	490
19346	472
19351	489
19366	467
19368	420
19369	464
19372	489
19379	420
19380	490
19381	490
19382	58
19387	489
19393	420
19398	472
19403	464
19408	489
19411	466
19413	468
19415	490
19422	183
19424	466
19436	468
19437	382
19441	120
19444	470
19446	467
19452	467
19452	470
19456	490
19460	467
19463	489
19464	489
19468	489
19474	120
19483	490
19484	120
19485	469
19491	120
19493	467
19503	318
19504	489
19505	467
19516	122
19522	490
19523	467
19528	420
19530	470
19537	467
19540	489
19550	420
19560	420
19562	120
19567	467
19569	489
19572	490
19573	490
19574	469
19575	468
19579	489
19581	466
19584	472
19585	120
19586	464
19589	470
19590	420
19591	464
19592	467
19602	120
19608	468
19609	464
19620	467
19630	120
19631	469
19634	465
19643	489
19646	489
19648	468
19650	489
19653	489
19654	489
19655	120
19656	467
19657	326
19659	472
19662	490
19664	326
19665	467
19671	120
19678	469
19681	472
19682	490
19685	120
19692	420
19693	466
19697	472
19701	467
19702	470
19703	97
19703	276
19706	467
19707	470
19712	469
19720	466
19721	382
19728	490
19730	219
19731	286
19742	489
19745	489
19750	489
19757	470
19770	219
19774	469
19776	467
19784	464
19785	464
19791	472
19793	468
19794	490
19795	420
19800	490
19805	420
19807	489
19810	468
19812	464
19814	465
19815	490
19817	466
19818	470
19827	489
19830	183
19832	490
19833	120
19838	120
19845	122
19847	120
19848	75
19848	187
19848	323
19853	465
19855	420
19856	120
19868	472
19869	489
19874	120
19879	490
19886	472
19887	58
19894	120
19895	467
19905	489
19908	490
19909	464
19911	163
19913	468
19914	490
19915	468
19919	466
19929	120
19930	120
19933	489
19934	469
19936	470
19946	191
19957	470
19962	470
19963	490
19968	470
19971	469
19983	420
19984	120
19986	382
19999	489
20004	489
20020	490
20021	219
20027	465
20035	464
20040	120
20042	490
20044	466
20045	529
20046	490
20047	464
20064	120
20065	120
20066	469
20068	467
20069	466
20073	470
20076	465
20079	120
20083	120
20087	467
20091	490
20093	490
20095	472
20098	470
20109	163
20111	469
20113	490
20115	490
20116	470
20119	467
20120	489
20131	120
20132	464
20135	489
20139	490
20140	472
20140	408
20140	420
20140	115
20144	466
20145	467
20148	490
20152	120
20153	468
20158	469
20160	490
20162	120
20163	490
20168	464
20170	420
20171	467
20173	469
20175	467
20183	412
20183	470
20192	470
20196	489
20197	490
20201	466
20202	464
20203	466
20208	469
20211	120
20215	420
20216	465
20217	467
20219	489
20228	464
20231	472
20236	469
20240	120
20241	353
20245	470
20247	489
20249	470
20257	469
20260	120
20264	490
20275	489
20278	466
20301	469
20302	467
20307	469
20311	489
20313	120
20317	420
20318	470
20320	468
20321	469
20324	120
20328	466
20330	467
20331	489
20337	120
20337	98
20352	490
20359	466
20363	489
20370	490
20374	120
20383	120
20384	473
20385	420
20386	490
20388	469
20396	470
20397	466
20409	467
20411	469
20412	469
20413	470
20423	469
20424	467
20426	470
20429	472
20430	468
20432	469
20433	470
20435	467
20439	420
20446	470
20452	469
20453	472
20454	411
20459	467
20464	472
20466	468
20471	468
20472	472
20473	466
20481	472
20483	299
20484	220
20498	489
20501	420
20505	469
20506	472
20509	472
20511	472
20512	467
20513	469
20519	464
20521	468
20523	464
20524	489
20529	120
20530	469
20534	468
20535	466
20536	490
20539	466
20542	467
20543	466
20548	470
20550	467
20552	468
20554	469
20556	163
20559	469
20561	472
20562	470
20564	468
20566	468
20579	469
20581	489
20584	467
20587	470
20592	469
20593	467
20594	466
20596	466
20602	468
20603	490
20608	472
20609	468
20610	120
20614	470
20616	420
20618	472
20619	472
20623	490
20634	468
20635	467
20637	219
20639	464
20641	490
20644	469
20648	465
20649	420
20650	469
20651	470
20652	467
20655	490
20659	120
20660	420
20662	489
20663	472
20667	469
20669	467
20670	472
20671	468
20673	470
20676	466
20678	467
20686	489
20688	468
20689	464
20690	472
20691	472
20693	469
20695	466
20699	466
20706	470
20712	468
20720	467
20722	470
20723	470
20729	470
20739	490
20741	489
20743	490
20752	120
20755	382
20756	489
20757	490
20769	467
20770	469
20772	467
20782	382
20793	472
20794	470
20795	472
20796	466
20799	467
20801	466
20807	470
20817	490
20819	420
20823	382
20829	470
20837	468
20837	465
20848	468
20854	468
20856	469
20857	472
20858	470
20860	472
20862	467
20864	470
20871	489
20875	472
20887	470
20890	464
20891	467
20892	472
20895	467
20896	465
20897	467
20898	468
20900	467
20901	470
20902	469
20903	465
20904	467
20905	472
20916	490
20931	470
20932	490
20933	469
20936	220
20939	467
20950	464
20951	120
20955	191
20958	489
20959	467
20967	100
20968	467
20970	472
20972	472
20973	469
20980	468
20988	120
20996	467
21002	470
21005	467
21007	468
21011	468
21025	468
21027	470
21028	420
21033	469
21044	468
21045	489
21046	466
21048	470
21054	420
21055	490
21063	467
21064	490
21066	489
21068	489
21069	490
21073	466
21077	382
21081	464
21082	467
21093	464
21094	467
21098	219
21102	469
21103	465
21113	489
21117	489
21124	467
21124	120
21132	490
21145	469
21146	470
21151	472
21165	470
21167	219
21168	489
21171	489
21182	473
21190	469
21191	472
21192	470
21205	467
21213	382
21214	472
21227	467
21231	472
21234	465
21241	469
21242	468
21253	472
21259	490
21268	468
21269	464
21272	464
21284	490
21285	467
21287	489
21288	120
21295	467
21299	468
21308	120
21315	489
21317	472
21319	469
21322	466
21326	467
21335	472
21344	420
21353	489
21356	490
21365	469
21370	472
21372	220
21373	120
21374	489
21380	467
21381	466
21385	472
21388	464
21395	467
21397	191
21398	420
21401	420
21403	490
21404	489
21410	120
21411	470
21414	467
21424	468
21437	122
21438	466
21439	490
21450	490
21452	470
21459	472
21461	472
21470	467
21482	468
21483	489
21487	470
21496	471
21497	466
21499	467
21506	420
21519	470
21530	467
21535	470
21537	466
21552	468
21555	472
21562	466
21567	489
21575	120
21577	468
21579	472
21582	120
21585	120
21588	145
21596	466
21597	420
21607	490
21610	489
21611	489
21619	466
21628	489
21632	120
21636	470
21640	489
21644	466
21650	120
21652	469
21653	464
21657	469
21660	466
21664	467
21670	464
21671	120
21673	489
21676	465
21677	489
21691	120
21693	465
21694	467
21696	467
21698	472
21700	467
21710	467
21716	466
21723	468
21727	469
21732	382
21735	122
21738	468
21742	469
21744	466
21751	465
21752	467
21753	470
21755	465
21756	465
21757	472
21759	467
21760	382
21762	490
21764	466
21767	465
21770	469
21772	420
21773	490
21774	465
21775	469
21788	472
21790	120
21801	470
21811	120
21812	466
21825	467
21829	467
21831	490
21834	120
21838	470
21850	120
21858	467
21862	219
21870	470
21874	490
21876	489
21877	467
21883	464
21884	219
21888	464
21898	472
21900	120
21901	467
21903	120
21907	470
21915	470
21916	470
21917	489
21923	466
21924	472
21933	120
21945	470
21956	191
21962	467
21969	467
21976	465
21983	469
21984	392
21987	489
22000	420
22002	490
22009	469
22016	466
22021	489
22027	490
22028	470
22029	467
22032	490
22036	120
22038	467
22046	472
22056	472
22060	120
22079	468
22092	467
22098	489
22119	472
22122	489
22129	469
22130	464
22138	472
22143	467
22144	120
22156	470
22159	466
22167	470
22171	75
22173	490
22178	469
22186	469
22207	490
22210	469
22211	420
22215	420
22217	490
22220	420
22230	467
22235	464
22236	470
22242	489
22242	472
22244	490
22249	467
22251	472
22261	120
22264	469
22273	467
22274	464
22275	489
22278	420
22283	470
22285	469
22286	420
22288	464
22291	472
22304	467
22310	382
22311	470
22318	489
22321	465
22323	420
22341	468
22345	472
22345	465
22348	472
22349	466
22349	120
22354	470
22359	470
22369	464
22371	472
22373	420
22375	489
22377	472
22381	469
22384	103
22386	219
22387	490
22388	466
22389	120
22395	470
22413	120
22415	467
22438	120
22441	469
22453	468
22454	469
22457	490
22458	464
22471	464
22472	464
22477	466
22483	489
22487	219
22488	420
22491	470
22502	466
22509	489
22515	490
22519	489
22526	489
22527	468
22531	470
22538	467
22543	120
22544	489
22546	420
22550	464
22558	472
22564	301
22579	464
22584	472
22588	468
22590	470
22595	219
22596	489
22599	466
22600	472
22603	470
22607	464
22611	490
22613	469
22619	490
22622	103
22624	489
22627	286
22627	468
22632	120
22639	464
22641	473
22649	467
22661	472
22663	490
22667	420
22675	490
22679	120
22687	120
22688	467
22695	464
22700	472
22703	470
22706	464
22708	465
22717	470
22718	470
22720	466
22728	467
22730	469
22732	360
22738	420
22742	464
22749	470
22757	470
22763	489
22764	464
22766	420
22770	467
22771	464
22775	464
22776	490
22778	489
22786	467
22796	490
22799	489
22800	472
22801	467
22804	469
22824	120
22826	467
22835	490
22838	490
22841	472
22846	469
22867	489
22879	466
22882	145
22895	420
22899	464
22907	120
22912	470
22914	466
22923	489
22927	364
22929	469
22934	466
22947	472
22955	470
22971	472
22978	420
22985	467
22986	469
22987	464
22989	472
22990	470
22991	469
22992	466
22994	466
23002	464
23010	464
23011	489
23013	120
23016	472
23021	466
23022	420
23025	467
23029	120
23030	467
23031	489
23054	472
23056	489
23062	490
23071	490
23072	490
23073	490
23082	420
23086	490
23091	470
23095	466
23096	466
23100	489
23115	467
23116	466
23122	469
23125	382
23130	420
23131	489
23134	469
23136	472
23143	490
23147	490
23149	464
23150	464
23151	472
23155	120
23161	490
23164	120
23170	219
23170	465
23178	490
23179	470
23182	470
23184	490
23199	465
23219	470
23228	490
23248	467
23256	120
23260	84
23260	212
23264	464
23276	420
23285	489
23288	103
23293	464
23306	467
23309	219
23323	470
23337	467
23354	420
23358	467
23365	489
23368	411
23371	466
23374	420
23383	490
23385	467
23388	464
23391	490
23397	490
23400	490
23404	470
23412	472
23424	120
23425	490
23426	490
23428	489
23430	120
23433	490
23446	420
23459	472
23461	382
23465	469
23468	469
23469	163
23478	470
23487	120
23495	420
23496	469
23497	490
23499	470
23502	489
23510	6
23513	472
23515	467
23517	219
23522	467
23527	469
23532	469
23538	420
23547	467
23548	467
23551	412
23554	490
23559	489
23562	467
23567	489
23568	466
23581	490
23585	490
23598	464
23598	319
23606	467
23607	469
23614	489
23621	464
23623	469
23628	120
23635	468
23636	382
23639	382
23643	145
23645	489
23649	466
23651	466
23656	490
23660	120
23666	469
23668	163
23683	120
23689	490
23697	469
23711	420
23716	470
23717	467
23719	219
23721	489
23725	470
23735	467
23740	490
23744	490
23746	420
23757	466
23758	466
23766	467
23772	464
23782	420
23790	120
23793	469
23795	464
23817	120
23818	120
23821	466
23826	490
23827	490
23831	472
23833	467
23836	469
23840	469
23844	489
23852	466
23859	420
23860	420
23874	466
23880	420
23900	420
23906	420
23916	490
23920	490
23923	469
23927	490
23930	466
23934	219
23936	464
23941	467
23942	467
23944	120
23948	120
23952	469
23954	120
23958	466
23970	120
23972	420
23975	120
23979	467
23995	420
24006	489
24008	490
24017	466
24018	489
24025	490
24027	490
24030	466
24033	467
24038	472
24042	489
24044	120
24047	464
24048	470
24051	464
24054	466
24084	469
24094	464
24101	490
24103	163
24107	420
24108	468
24121	120
24134	472
24138	490
24149	472
24156	464
24158	469
24162	120
24167	420
24168	382
24170	420
24171	420
24187	120
24195	420
24197	420
24199	466
24200	490
24203	490
24222	466
24228	470
24245	420
24249	466
24253	490
24271	467
24272	468
24299	490
24303	489
24310	464
24311	489
24312	420
24339	467
24343	489
24348	489
24354	467
24355	472
24356	489
24361	464
24370	469
24389	470
24404	466
24414	382
24423	490
24428	489
24432	467
24446	469
24452	470
24455	420
24457	489
24460	469
24469	420
24474	120
24486	220
24488	468
24489	191
24509	120
24521	103
24523	470
24530	490
24537	472
24539	120
24542	489
24557	120
24562	489
24572	120
24578	464
24590	464
24591	550
24597	465
24599	464
24604	470
24607	382
24608	464
24610	466
24627	467
24641	466
24642	464
24643	467
24645	490
24659	470
24661	490
24665	464
24673	469
24696	470
24707	472
24709	465
24712	467
24715	163
24725	420
24733	465
24741	470
24771	488
24773	465
24779	490
24780	469
24781	470
24795	420
24797	120
24803	490
24806	424
24808	489
24815	470
24816	96
24820	467
24837	490
24850	470
24856	490
24857	489
24862	468
24867	467
24868	464
24875	489
24876	489
24879	468
24885	489
24890	469
24917	467
24924	470
24927	420
24930	489
24931	420
24935	468
24943	490
24948	489
24961	466
24976	319
24977	469
24984	489
25003	420
25029	467
25030	469
25038	490
25045	467
25053	472
25056	466
25057	470
25067	470
25074	464
25093	470
25098	468
25107	464
25113	466
25124	489
25129	489
25141	420
25146	467
25152	467
25154	420
25173	469
25174	420
25180	468
25189	318
25200	469
25203	120
25211	464
25221	467
25233	489
25236	470
25242	183
25243	470
25248	467
25252	145
25279	470
25282	490
25290	489
25295	473
25303	490
25308	466
25309	464
25311	464
25319	468
25322	464
25326	466
25336	120
25339	464
25373	489
25380	470
25404	469
25408	466
25411	489
25421	467
25423	382
25462	467
25480	465
25483	464
25485	489
25513	420
25516	490
25522	468
25523	469
25525	120
25533	120
25534	490
25537	120
25569	469
25571	467
25573	489
25574	120
25576	120
25582	467
25590	467
25593	489
25601	470
25615	467
25617	490
25618	467
25637	467
25638	489
25640	467
25642	490
25647	489
25649	468
25656	468
25662	120
25667	467
25676	420
25683	490
25684	464
25687	469
25689	120
25690	464
25700	467
25703	464
25704	120
25713	420
25719	420
25722	490
25727	120
25734	489
25742	489
25745	469
25749	469
25751	489
25753	420
25754	490
25759	469
25761	464
25776	465
25777	469
25778	490
25782	464
25787	420
25788	120
25792	467
25794	489
25800	120
25802	490
25803	489
25821	468
25822	467
25823	466
25827	472
25829	490
25832	219
25835	489
25839	467
25852	470
25853	490
25860	120
25861	467
25879	120
25881	490
25883	420
25884	468
25887	467
25890	420
25891	469
25895	420
25896	469
25898	120
25899	469
25901	490
25904	490
25917	469
25926	489
25930	33
25930	120
25932	489
25946	120
25947	472
25949	466
25955	465
25962	464
25963	120
25967	467
25973	420
25980	190
25983	464
26007	464
26023	472
26026	489
26033	219
26035	470
26037	489
26041	120
26042	466
26043	468
26048	120
26061	490
26062	490
26078	120
26080	120
26104	490
26106	489
26110	467
26115	489
26144	469
26151	120
26163	470
26170	120
26175	411
26187	467
26188	467
26197	490
26203	467
26207	466
26208	469
26211	489
26217	466
26223	420
26231	490
26236	420
26237	464
26238	382
26243	490
26265	490
26272	466
26288	470
26290	489
26293	490
26297	490
26324	464
26339	470
26343	464
26348	120
26355	468
26373	466
26387	464
26390	489
26403	465
26409	464
26416	472
26422	469
26423	489
26424	489
26426	468
26428	120
26454	470
26473	420
26482	489
26490	469
26492	470
26496	472
26501	225
26503	490
26511	489
26521	420
26523	468
26527	120
26537	489
26543	489
26549	490
26557	490
26558	466
26561	120
26565	469
26567	472
26568	490
26594	490
26600	464
26612	490
26630	466
26637	420
26641	489
26643	120
26653	490
26654	488
26656	490
26664	420
26670	120
26672	489
26715	120
26723	467
26738	490
26739	57
26741	468
26749	489
26752	490
26754	120
26755	120
26762	490
26765	469
26789	472
26798	489
26805	490
26809	420
26819	382
26837	489
26845	466
26846	472
26852	469
26862	465
26864	489
26872	120
26877	467
26878	467
26888	469
26890	490
26904	490
26905	244
26909	470
26927	490
26932	467
26933	466
26939	120
26940	469
26952	464
26961	489
26986	469
26987	467
26992	490
26999	464
27006	470
27019	120
27020	466
27023	420
27029	140
27043	420
27047	468
27050	467
27053	490
27063	467
27067	470
27074	120
27075	467
27093	120
27096	465
27104	464
27131	420
27134	490
27139	120
27146	469
27147	470
27161	490
27164	466
27168	490
27194	470
27204	470
27205	382
27219	470
27221	420
27227	467
27228	467
27256	467
27265	420
27272	420
27286	120
27288	489
27291	470
27294	489
27309	468
27316	489
27340	120
27343	489
27349	120
27354	467
27356	464
27359	489
27362	420
27374	468
27380	467
27386	489
27416	490
27445	489
27455	466
27462	490
27466	467
27469	490
27470	470
27471	467
27475	470
27476	467
27482	465
27485	469
27490	120
27492	464
27493	120
27494	489
27496	120
27503	120
27505	490
27515	464
27518	420
27536	469
27538	472
27543	382
27550	466
27553	467
27567	489
27573	472
27576	469
27578	120
27583	219
27591	472
27598	467
27600	473
27606	470
27608	489
27609	466
27620	467
27630	120
27634	464
27638	464
27640	467
27641	468
27643	490
27648	490
27653	468
27656	472
27658	120
27661	489
27667	465
27672	472
27677	467
27686	420
27693	420
27698	420
27706	490
27709	469
27735	467
27753	319
27757	490
27763	466
27767	464
27768	467
27777	420
27782	489
27792	470
27797	470
27800	466
27811	489
27813	490
27814	490
27818	466
27823	469
27852	467
27853	469
27858	490
27862	469
27863	467
27864	490
27869	490
27871	467
27881	120
27884	219
27884	420
27895	489
27937	467
27959	319
27963	478
27964	464
27966	467
27973	470
27975	219
27979	470
27984	472
27988	470
27996	490
27997	489
28002	466
28003	469
28005	490
28021	489
28025	489
28027	466
28027	472
28029	120
28043	490
28054	467
28065	472
28070	469
28073	467
28085	420
28092	469
28096	469
28105	120
28119	490
28134	464
28138	470
28153	219
28160	467
28165	489
28172	470
28175	467
28197	489
28206	120
28210	489
28212	420
28214	467
28221	470
28225	470
28247	219
28249	219
28250	489
28251	489
28252	490
28253	466
28260	470
28275	490
28280	467
28281	420
28283	490
28293	489
28333	489
28338	470
28343	420
28366	489
28371	120
28373	468
28378	467
28383	470
28394	490
28395	490
28403	120
28409	489
28430	467
28431	490
28434	490
28451	470
28465	466
28466	466
28467	469
28472	120
28486	469
28489	489
28490	469
28492	472
28495	120
28517	464
28522	420
28529	467
28543	120
28551	420
28570	470
28574	120
28576	490
28590	469
28618	489
28619	489
28622	464
28632	490
28644	120
28659	490
28670	120
28672	489
28692	120
28696	470
28700	470
28716	470
28726	490
28730	473
28739	120
28742	464
28745	467
28749	120
28750	465
28760	468
28769	464
28771	420
28772	490
28792	120
28809	469
28811	490
28823	420
28824	465
28827	120
28829	489
28831	464
28831	394
28834	120
28836	473
28842	464
28844	382
28865	469
28876	120
28879	490
28880	466
28884	470
28887	470
28898	469
28910	120
28920	120
28930	466
28931	490
28957	464
28958	489
28964	468
28965	420
28972	490
28987	489
29005	470
29009	465
29011	467
29012	466
29017	489
29019	469
29020	467
29022	465
29035	466
29048	470
29064	470
29072	467
29073	489
29083	470
29090	420
29099	467
29104	489
29105	469
29110	467
29111	468
29113	489
29115	98
29122	120
29137	489
29141	120
29147	489
29150	120
29154	120
29166	467
29170	467
29173	467
29175	382
29195	120
29205	467
29206	466
29207	467
29209	469
29211	120
29226	467
29252	467
29254	469
29255	466
29257	469
29258	472
29280	489
29286	120
29295	489
29298	490
29299	120
29300	469
29312	469
29318	465
29326	120
29328	470
29330	490
29339	490
29340	225
29347	467
29358	490
29359	470
29373	120
29384	489
29388	469
29392	489
29398	490
29399	469
29401	490
29426	470
29433	470
29440	490
29450	572
29450	408
29450	464
29453	489
29456	465
29480	120
29482	464
29489	490
29496	468
29496	120
29497	466
29503	464
29504	469
29522	470
29527	465
29531	120
29539	467
29545	120
29549	420
29553	120
29567	469
29573	470
29574	145
29579	470
29588	120
29595	470
29599	469
29606	472
29612	489
29616	469
