1	469
3	469
4	469
5	467
6	467
8	467
9	469
10	469
15	469
22	490
29	490
33	467
34	466
38	469
45	469
48	490
58	490
62	469
63	467
71	490
82	420
87	470
88	470
95	467
98	467
102	490
104	490
105	467
106	469
108	469
110	470
112	469
126	469
127	470
129	469
131	469
134	467
136	470
137	490
144	470
147	467
148	467
153	490
156	420
161	469
162	466
169	469
172	467
175	469
193	469
196	467
201	467
203	467
206	490
214	490
215	469
218	469
221	467
226	467
229	420
238	469
242	469
270	490
274	469
276	470
279	490
282	467
283	469
285	467
287	470
289	469
290	467
308	469
312	466
315	469
318	467
320	490
330	469
331	467
333	467
335	469
340	469
344	467
345	470
353	469
355	467
359	467
363	469
364	470
372	490
378	469
384	469
394	489
396	466
396	467
398	469
399	467
403	490
408	467
412	467
413	490
418	469
420	470
422	490
428	470
433	470
438	469
450	469
454	490
456	490
460	490
462	469
463	469
464	469
477	490
481	467
484	469
485	470
501	490
502	470
515	466
518	467
522	489
526	466
528	467
531	467
532	469
538	469
544	469
545	467
550	490
551	469
553	469
571	490
580	469
583	490
586	467
593	467
599	466
605	469
607	469
610	467
623	469
624	420
625	467
628	470
630	467
631	467
642	469
644	467
646	490
663	470
667	490
680	490
684	490
691	467
697	490
698	467
700	470
703	467
704	467
705	469
708	470
710	469
713	490
715	490
716	470
717	490
726	490
730	467
732	466
736	490
738	469
740	470
746	490
751	490
752	470
755	490
758	470
761	490
763	469
770	470
771	469
772	469
776	490
790	420
797	469
802	469
808	466
811	490
816	469
817	490
823	490
827	466
833	469
850	490
853	490
854	469
858	490
876	470
878	467
880	467
888	466
892	469
893	470
895	490
900	467
901	466
904	490
910	490
913	469
914	469
915	466
926	469
934	467
941	490
948	469
956	490
957	469
959	490
960	470
961	467
965	467
969	467
971	470
972	490
975	469
976	490
989	467
993	469
995	469
998	469
1000	466
1007	490
1008	490
1010	490
1016	467
1019	467
1020	490
1021	469
1023	470
1024	467
1025	467
1030	490
1034	469
1035	490
1037	469
1038	470
1043	470
1052	470
1054	467
1055	469
1062	469
1064	469
1066	467
1069	420
1071	490
1072	467
1076	469
1078	490
1079	469
1081	490
1095	490
1098	490
1099	469
1105	470
1109	470
1112	490
1116	469
1124	469
1126	490
1127	470
1129	466
1130	467
1136	490
1138	490
1142	469
1152	469
1154	467
1155	420
1170	490
1175	467
1184	467
1186	490
1187	466
1188	467
1190	490
1193	470
1199	469
1203	490
1206	469
1207	469
1211	490
1218	470
1221	467
1229	490
1230	490
1232	469
1233	490
1238	490
1241	469
1254	490
1256	466
1261	467
1264	467
1268	490
1273	467
1277	469
1283	490
1290	469
1293	470
1302	467
1322	490
1326	469
1329	467
1331	467
1334	467
1337	467
1343	490
1351	469
1357	467
1368	469
1382	469
1384	470
1386	466
1389	470
1393	490
1397	490
1398	490
1403	490
1411	490
1415	469
1416	470
1417	469
1423	490
1428	470
1436	490
1439	469
1444	467
1445	469
1446	467
1448	469
1450	469
1451	469
1453	420
1455	467
1459	467
1464	490
1467	467
1474	490
1475	490
1476	490
1477	490
1483	490
1485	490
1496	466
1498	469
1500	469
1501	469
1503	490
1507	467
1508	469
1511	467
1517	467
1518	490
1520	470
1529	467
1530	490
1532	467
1535	469
1536	469
1537	469
1544	490
1555	467
1562	469
1563	420
1573	490
1589	490
1592	469
1598	490
1602	490
1604	469
1608	490
1609	490
1611	490
1612	469
1613	467
1615	469
1617	490
1622	420
1627	469
1628	470
1642	490
1645	470
1650	467
1652	420
1654	490
1662	467
1664	469
1673	469
1674	469
1676	470
1678	470
1688	470
1694	420
1695	490
1699	467
1700	469
1701	467
1702	470
1710	469
1713	469
1728	490
1729	469
1731	490
1732	470
1733	490
1741	467
1751	467
1754	469
1763	469
1765	470
1766	490
1775	467
1776	470
1777	469
1778	469
1779	490
1788	470
1789	469
1790	490
1791	490
1794	467
1795	490
1799	490
1802	420
1802	466
1802	467
1814	490
1815	490
1816	469
1819	469
1822	469
1828	469
1839	490
1842	469
1846	490
1848	469
1848	470
1849	469
1850	467
1851	490
1852	469
1858	470
1863	490
1864	466
1866	490
1875	470
1876	490
1881	470
1889	467
1890	467
1891	467
1892	469
1895	469
1896	420
1897	470
1906	469
1911	467
1915	490
1918	469
1922	469
1924	466
1926	420
1928	467
1929	469
1931	490
1933	490
1940	490
1941	470
1946	469
1947	469
1955	490
1959	490
1960	469
1961	490
1967	469
1968	470
1970	490
1972	467
1973	469
1983	469
1984	466
1988	469
1993	490
1995	490
1999	490
2002	466
2006	490
2010	467
2012	490
2016	467
2021	490
2028	469
2036	490
2042	469
2044	469
2046	469
2047	467
2049	469
2052	469
2062	469
2067	490
2075	470
2079	490
2084	470
2085	467
2088	469
2091	490
2096	470
2097	490
2100	490
2104	490
2105	469
2108	470
2111	467
2124	420
2127	467
2131	420
2136	490
2140	469
2142	420
2145	469
2146	490
2148	466
2151	467
2152	490
2156	470
2162	469
2166	469
2173	490
2174	469
2179	469
2180	467
2181	490
2185	466
2191	470
2197	467
2205	490
2206	490
2218	469
2221	469
2227	470
2230	470
2232	469
2236	470
2246	490
2252	469
2255	490
2258	469
2260	470
2262	467
2264	469
2269	466
2270	466
2275	470
2279	420
2282	469
2283	490
2284	467
2290	490
2291	469
2295	490
2296	469
2302	469
2303	467
2305	490
2309	490
2314	490
2335	469
2336	470
2339	490
2341	490
2342	469
2343	470
2354	470
2360	469
2363	470
2366	467
2367	490
2370	490
2384	469
2385	470
2390	490
2394	469
2395	467
2396	490
2400	469
2403	490
2410	420
2412	467
2424	490
2430	469
2434	469
2441	467
2448	467
2450	420
2451	467
2458	469
2465	490
2471	490
2484	467
2485	470
2488	490
2489	490
2490	469
2492	490
2497	470
2498	470
2502	469
2505	470
2509	467
2514	469
2516	490
2517	490
2518	470
2521	469
2525	490
2530	469
2538	490
2543	469
2558	469
2559	469
2560	469
2562	469
2564	467
2571	467
2578	490
2579	490
2580	469
2582	470
2583	490
2584	470
2585	490
2588	490
2590	490
2592	469
2598	466
2600	490
2602	490
2616	467
2625	469
2631	469
2633	469
2634	490
2638	470
2640	469
2641	467
2644	490
2649	467
2652	470
2659	490
2663	467
2666	490
2667	490
2676	469
2677	490
2682	490
2686	469
2687	469
2692	469
2695	490
2702	469
2703	490
2705	490
2715	466
2722	490
2732	467
2734	490
2737	470
2741	420
2745	469
2748	466
2750	469
2753	469
2758	469
2761	466
2763	420
2771	467
2775	467
2777	469
2782	490
2784	470
2793	490
2795	467
2797	469
2805	469
2810	467
2822	469
2832	469
2833	466
2834	469
2835	467
2837	490
2838	469
2846	490
2849	470
2852	467
2853	490
2855	469
2858	490
2872	490
2873	490
2876	490
2879	469
2884	469
2888	420
2893	470
2895	420
2899	490
2902	466
2903	467
2920	420
2921	469
2925	490
2928	490
2929	469
2930	469
2935	420
2935	466
2935	467
2940	490
2942	467
2952	420
2952	466
2952	467
2954	467
2980	469
2983	469
2995	490
2998	470
2999	490
3001	490
3006	466
3010	490
3013	490
3019	490
3028	469
3029	490
3030	467
3032	467
3035	469
3036	469
3037	469
3040	490
3041	490
3055	490
3056	469
3062	420
3066	490
3070	467
3073	490
3080	490
3083	469
3084	470
3093	469
3095	467
3100	490
3109	467
3111	469
3113	490
3118	469
3127	469
3147	490
3148	469
3152	470
3154	469
3161	490
3163	470
3169	466
3175	490
3181	490
3182	469
3185	490
3191	490
3194	420
3198	469
3199	469
3200	469
3207	467
3209	490
3212	467
3213	470
3214	469
3217	466
3218	490
3220	490
3231	467
3235	466
3237	467
3240	490
3251	469
3253	490
3257	467
3259	467
3265	490
3277	469
3280	469
3281	467
3284	490
3286	490
3293	469
3301	490
3306	420
3309	420
3312	467
3314	470
3315	469
3317	470
3319	490
3322	470
3333	470
3341	469
3343	469
3346	470
3349	469
3352	469
3354	469
3355	490
3359	490
3363	467
3374	469
3378	467
3379	467
3384	467
3387	469
3398	467
3403	470
3405	466
3450	490
3461	470
3463	490
3467	470
3472	469
3478	466
3479	469
3481	469
3482	490
3485	469
3487	467
3490	490
3491	469
3498	469
3502	467
3519	467
3521	470
3522	470
3526	470
3533	469
3534	467
3538	420
3547	469
3548	470
3548	489
3551	469
3565	490
3566	490
3571	469
3573	469
3581	469
3588	469
3595	467
3596	469
3598	467
3599	490
3600	490
3607	469
3608	490
3611	469
3614	490
3615	490
3622	470
3622	489
3624	467
3625	490
3627	467
3634	467
3635	469
3639	469
3642	490
3650	469
3651	490
3653	490
3654	467
3659	490
3661	490
3664	469
3665	490
3678	490
3680	467
3683	467
3686	490
3691	469
3692	490
3693	490
3696	490
3698	490
3705	490
3706	470
3724	469
3727	469
3728	467
3731	420
3751	469
3754	470
3755	490
3762	467
3763	469
3785	470
3788	490
3790	469
3791	470
3796	490
3798	467
3799	490
3805	466
3806	469
3810	467
3812	469
3825	469
3829	467
3847	470
3849	490
3851	469
3856	469
3868	467
3879	490
3880	490
3889	469
3890	467
3901	490
3902	470
3908	469
3909	469
3917	467
3922	490
3923	490
3929	467
3930	467
3932	467
3939	490
3940	470
3946	469
3947	469
3951	490
3954	466
3956	490
3973	469
3978	490
3983	467
3988	469
3994	467
3995	469
4002	470
4006	469
4022	469
4023	490
4026	490
4031	466
4038	469
4044	469
4047	470
4051	490
4054	469
4055	469
4057	490
4061	469
4062	469
4067	490
4069	490
4070	467
4079	469
4082	469
4085	469
4096	469
4097	470
4101	469
4117	469
4120	490
4131	469
4142	469
4146	467
4154	490
4156	469
4165	490
4167	490
4172	469
4174	469
4176	469
4177	467
4194	469
4198	469
4200	467
4201	469
4202	469
4204	469
4211	469
4218	469
4223	490
4224	469
4228	467
4233	469
4242	467
4244	420
4245	469
4249	469
4253	469
4256	490
4259	469
4261	490
4262	469
4265	469
4267	467
4269	469
4270	420
4271	420
4278	469
4279	469
4282	467
4283	490
4296	469
4301	470
4302	490
4310	467
4312	467
4326	469
4330	490
4334	467
4339	470
4346	470
4352	490
4354	490
4362	490
4363	490
4367	490
4373	469
4376	420
4377	467
4385	490
4396	467
4398	467
4399	469
4401	490
4402	490
4410	469
4414	470
4416	490
4418	469
4422	467
4424	490
4436	467
4438	466
4442	469
4443	469
4447	490
4448	470
4449	420
4452	420
4452	466
4452	467
4453	469
4454	469
4457	420
4460	469
4469	469
4480	469
4482	467
4484	469
4487	469
4490	490
4491	490
4492	490
4500	469
4511	469
4515	490
4519	469
4520	469
4528	490
4532	469
4536	469
4537	467
4546	470
4553	467
4565	469
4570	469
4574	469
4576	469
4587	470
4591	420
4594	470
4598	490
4600	469
4614	469
4620	469
4627	490
4630	490
4637	490
4644	470
4645	469
4646	467
4651	470
4655	467
4666	490
4671	470
4675	470
4676	470
4679	490
4680	469
4683	467
4691	470
4696	490
4697	490
4701	420
4707	469
4710	469
4716	467
4743	469
4751	470
4753	490
4754	470
4755	470
4762	490
4764	469
4766	469
4773	469
4775	469
4776	469
4780	420
4781	490
4791	469
4796	469
4798	470
4801	490
4805	469
4811	469
4814	470
4817	470
4823	469
4826	469
4831	469
4843	420
4851	470
4858	490
4860	490
4869	467
4871	490
4874	490
4877	469
4879	490
4884	490
4887	470
4889	490
4891	490
4892	467
4894	467
4902	469
4903	470
4904	490
4909	467
4910	467
4915	467
4923	467
4925	490
4930	420
4932	490
4937	470
4951	466
4957	469
4963	490
4964	469
4967	420
4971	469
4973	470
4976	469
4979	469
4980	490
4995	469
5000	469
5002	470
5005	470
5016	469
5019	469
5024	469
5026	469
5033	467
5043	490
5050	467
5053	467
5057	490
5058	470
5066	469
5067	469
5088	490
5093	466
5102	467
5109	467
5111	467
5117	490
5124	469
5127	469
5128	466
5142	467
5146	467
5149	470
5151	490
5153	490
5154	470
5156	490
5161	420
5166	470
5168	469
5170	470
5177	466
5181	467
5182	490
5184	469
5191	467
5195	470
5197	490
5201	490
5202	470
5206	470
5209	469
5211	469
5216	490
5217	469
5219	490
5229	469
5232	467
5237	469
5240	467
5242	469
5246	466
5247	469
5248	490
5251	490
5256	469
5260	469
5262	469
5264	469
5266	469
5269	467
5270	490
5274	467
5275	469
5281	490
5287	469
5290	490
5294	466
5297	469
5298	490
5302	490
5308	470
5313	469
5316	470
5318	490
5322	469
5324	469
5332	489
5334	490
5337	469
5347	490
5348	469
5352	467
5356	490
5363	490
5369	420
5376	467
5379	490
5388	490
5394	467
5406	470
5411	469
5423	470
5425	490
5428	469
5429	469
5431	467
5434	490
5439	469
5444	467
5453	469
5455	469
5457	490
5461	467
5468	490
5472	466
5473	490
5476	469
5478	469
5479	467
5480	467
5506	490
5512	490
5517	490
5522	467
5532	490
5540	467
5543	467
5545	469
5559	469
5568	490
5570	466
5575	469
5579	420
5589	490
5591	470
5604	469
5605	469
5614	470
5616	469
5617	469
5620	469
5621	490
5625	467
5627	469
5633	490
5638	490
5644	490
5645	470
5652	467
5663	469
5664	490
5666	467
5667	469
5671	470
5673	467
5677	469
5680	490
5688	470
5697	467
5698	467
5700	490
5709	490
5711	469
5712	420
5715	420
5717	490
5719	467
5725	469
5739	490
5741	469
5742	490
5744	470
5749	489
5766	467
5774	469
5777	420
5779	469
5790	467
5791	470
5795	470
5802	490
5803	469
5805	469
5806	490
5813	469
5814	469
5816	490
5818	469
5821	470
5823	469
5830	469
5832	470
5836	490
5839	467
5841	470
5844	490
5854	467
5855	467
5856	490
5860	420
5865	470
5866	470
5871	470
5883	470
5884	490
5886	490
5887	466
5897	490
5901	469
5905	469
5906	490
5907	469
5908	490
5911	469
5926	470
5929	469
5951	490
5957	490
5980	469
5986	470
5990	469
5996	469
5997	490
5999	490
6002	466
6010	469
6018	467
6024	490
6025	470
6029	469
6042	490
6048	469
6049	467
6050	469
6075	469
6076	470
6081	490
6082	469
6085	490
6086	490
6094	490
6099	490
6105	420
6116	490
6121	469
6126	490
6127	490
6128	467
6132	469
6133	466
6143	467
6149	470
6156	469
6157	469
6161	467
6165	490
6169	470
6172	490
6175	490
6183	467
6186	490
6203	490
6204	490
6206	467
6208	490
6209	467
6211	467
6212	490
6214	467
6221	467
6224	469
6226	467
6232	420
6235	467
6244	470
6257	467
6267	469
6268	469
6269	469
6270	469
6272	490
6273	467
6276	467
6277	469
6278	469
6279	469
6281	469
6282	490
6290	469
6294	490
6298	490
6299	469
6301	467
6302	467
6315	490
6317	469
6318	420
6321	490
6322	470
6326	467
6328	469
6335	469
6342	490
6343	470
6348	469
6349	490
6352	490
6354	470
6356	469
6360	469
6361	467
6366	467
6367	490
6374	469
6375	470
6377	469
6378	466
6385	470
6388	490
6408	490
6417	490
6420	469
6424	469
6426	490
6437	490
6438	469
6441	469
6444	469
6445	420
6446	467
6456	470
6458	470
6460	490
6464	490
6466	466
6469	490
6472	469
6480	467
6484	490
6486	469
6494	490
6497	490
6500	467
6507	470
6518	469
6519	467
6522	467
6525	469
6527	467
6528	490
6529	469
6533	469
6536	469
6540	490
6544	469
6545	490
6546	420
6548	490
6549	490
6550	470
6553	470
6555	420
6573	469
6581	469
6582	490
6591	490
6593	469
6599	470
6604	467
6605	469
6606	469
6612	469
6615	467
6618	490
6620	467
6622	467
6624	467
6630	467
6631	469
6632	470
6636	469
6637	469
6645	469
6648	467
6651	469
6653	490
6655	466
6662	490
6668	469
6672	490
6674	469
6679	467
6682	469
6690	469
6692	490
6696	469
6697	469
6715	490
6719	469
6722	467
6724	490
6738	490
6741	490
6744	490
6747	467
6748	490
6749	469
6750	469
6763	490
6772	469
6773	490
6779	467
6782	467
6784	490
6795	420
6797	469
6819	469
6821	470
6823	469
6826	420
6841	467
6842	467
6855	469
6859	490
6864	470
6866	490
6871	469
6872	490
6873	469
6876	469
6884	469
6886	490
6891	466
6893	490
6894	469
6900	469
6901	469
6902	467
6903	469
6905	467
6906	469
6908	469
6909	469
6914	490
6915	469
6916	469
6917	469
6920	469
6922	467
6923	120
6926	490
6929	490
6931	467
6934	490
6940	490
6941	470
6945	420
6948	467
6956	467
6957	470
6959	470
6969	469
6986	490
6993	469
7000	470
7003	467
7005	467
7015	490
7019	467
7020	490
7021	469
7033	469
7034	469
7035	490
7040	470
7041	467
7044	469
7050	490
7053	490
7058	490
7059	469
7063	490
7076	490
7077	420
7078	467
7080	469
7089	470
7091	490
7097	467
7098	467
7101	469
7102	490
7111	490
7113	490
7114	490
7123	469
7127	490
7132	490
7134	490
7137	467
7140	490
7142	467
7147	469
7151	467
7152	467
7154	490
7155	469
7156	490
7157	470
7161	467
7178	490
7182	470
7191	490
7194	469
7195	469
7196	490
7198	469
7200	470
7202	490
7205	467
7208	467
7209	490
7216	470
7218	466
7219	490
7223	469
7227	490
7230	467
7232	490
7242	469
7243	469
7254	490
7264	469
7270	469
7278	467
7282	469
7293	467
7295	467
7296	490
7297	490
7299	469
7300	469
7302	467
7307	467
7311	467
7313	467
7316	420
7320	490
7329	469
7332	470
7346	467
7347	469
7351	469
7353	469
7354	467
7356	490
7362	469
7364	490
7367	469
7378	469
7387	467
7396	490
7399	467
7400	490
7408	420
7410	469
7423	490
7427	490
7431	490
7436	467
7457	467
7458	490
7460	470
7463	469
7466	467
7477	469
7478	469
7480	490
7481	469
7482	466
7486	469
7487	467
7488	470
7495	467
7497	467
7501	420
7507	469
7510	467
7513	467
7517	490
7529	467
7530	467
7535	470
7536	469
7539	490
7540	469
7541	490
7548	469
7554	470
7563	490
7566	467
7568	469
7569	420
7573	469
7581	469
7591	469
7593	467
7598	420
7600	469
7601	467
7602	466
7603	469
7605	490
7610	490
7613	490
7614	490
7616	470
7619	490
7622	420
7626	466
7636	469
7637	469
7650	469
7675	469
7678	469
7686	470
7692	490
7693	490
7696	469
7700	490
7707	490
7708	490
7709	490
7711	469
7712	466
7720	467
7722	470
7723	469
7726	490
7731	469
7736	469
7743	467
7748	469
7749	470
7753	467
7755	490
7756	469
7757	467
7759	490
7761	470
7762	467
7764	420
7773	490
7775	469
7776	469
7783	469
7784	470
7787	469
7795	469
7804	469
7805	490
7807	470
7824	470
7826	469
7829	469
7830	469
7831	469
7837	466
7840	470
7847	469
7848	467
7851	470
7852	469
7855	490
7861	469
7864	470
7867	469
7868	420
7874	489
7875	490
7883	467
7894	470
7899	469
7909	470
7914	467
7923	469
7924	467
7926	469
7933	490
7936	490
7943	469
7958	469
7963	470
7987	469
7989	469
7992	469
8004	467
8010	469
8013	469
8013	470
8015	467
8020	469
8022	490
8025	469
8029	467
8030	469
8032	470
8046	469
8047	470
8050	470
8051	467
8053	490
8055	467
8056	467
8063	467
8064	466
8066	420
8069	469
8074	469
8090	490
8101	490
8109	490
8110	490
8122	470
8124	467
8125	470
8130	490
8132	470
8151	490
8152	470
8160	469
8161	420
8163	490
8172	490
8173	470
8181	469
8187	470
8188	469
8190	469
8192	490
8195	470
8198	466
8202	420
8203	467
8206	420
8208	490
8209	420
8211	490
8215	467
8218	490
8219	469
8221	466
8224	467
8226	490
8228	467
8229	469
8231	470
8232	469
8236	469
8238	490
8240	469
8248	469
8258	469
8261	420
8262	490
8268	469
8275	470
8280	469
8281	467
8286	467
8291	467
8303	469
8304	469
8305	470
8306	469
8308	490
8314	490
8317	470
8319	467
8328	470
8329	469
8330	490
8334	467
8339	469
8343	469
8344	469
8345	490
8352	469
8366	469
8369	469
8371	490
8372	490
8375	470
8376	490
8380	467
8382	467
8401	470
8405	490
8408	490
8412	469
8413	466
8415	490
8420	466
8424	466
8431	467
8432	467
8437	470
8438	467
8442	490
8451	490
8453	467
8456	467
8457	469
8464	467
8465	467
8466	420
8469	467
8471	490
8472	490
8473	467
8476	469
8478	420
8480	467
8487	490
8492	467
8494	490
8503	490
8505	467
8507	469
8511	467
8513	490
8514	469
8516	490
8526	469
8527	469
8529	469
8532	467
8533	469
8541	470
8542	470
8554	466
8558	420
8561	467
8562	469
8566	469
8571	490
8572	469
8573	469
8579	469
8580	469
8587	467
8589	469
8590	490
8592	469
8593	490
8604	469
8607	470
8614	470
8619	469
8623	490
8629	469
8631	467
8634	467
8637	469
8648	469
8651	469
8655	469
8658	467
8662	490
8682	469
8684	469
8690	490
8691	469
8693	469
8694	467
8696	490
8699	469
8700	469
8704	469
8706	467
8709	469
8710	490
8714	490
8718	490
8722	470
8727	467
8732	469
8738	469
8739	469
8743	469
8749	469
8753	490
8755	467
8758	469
8761	467
8768	467
8769	469
8770	467
8776	490
8787	420
8793	490
8796	467
8808	469
8812	469
8814	467
8818	490
8826	470
8828	490
8830	470
8835	420
8839	469
8858	470
8863	490
8869	469
8871	469
8876	470
8879	469
8885	469
8886	469
8887	467
8891	490
8908	467
8909	490
8918	469
8919	469
8926	467
8928	469
8932	470
8934	490
8935	420
8944	469
8954	470
8955	467
8959	490
8960	420
8962	470
8972	469
8980	467
8985	470
8988	466
8990	467
8991	490
8992	467
8996	490
8998	469
9004	470
9005	469
9006	490
9009	490
9011	470
9018	469
9019	467
9020	467
9022	467
9031	420
9032	469
9033	490
9034	490
9037	469
9039	467
9040	469
9042	490
9044	469
9047	467
9063	490
9074	490
9075	469
9077	490
9082	490
9084	490
9089	466
9090	490
9093	490
9118	470
9123	467
9128	469
9137	470
9140	469
9143	467
9146	469
9148	490
9152	469
9154	467
9158	470
9159	469
9164	469
9165	469
9171	490
9173	470
9174	467
9180	490
9184	469
9188	470
9195	469
9202	469
9207	467
9221	490
9223	469
9230	467
9232	490
9237	469
9240	470
9243	469
9248	469
9250	469
9251	469
9260	490
9271	467
9282	470
9283	469
9285	469
9285	489
9286	490
9287	469
9307	469
9309	470
9311	469
9319	469
9323	469
9324	490
9330	490
9331	469
9336	490
9337	469
9338	469
9339	467
9340	420
9342	466
9345	469
9347	470
9353	470
9354	469
9355	490
9356	469
9361	490
9366	469
9370	490
9372	467
9374	470
9388	469
9404	490
9409	467
9412	470
9413	470
9420	467
9427	490
9432	490
9434	466
9439	420
9441	467
9444	469
9447	470
9448	467
9451	467
9455	490
9462	467
9463	469
9468	469
9472	490
9473	467
9482	470
9488	470
9493	490
9498	420
9509	490
9511	467
9530	469
9532	467
9539	469
9542	120
9543	470
9546	470
9548	469
9550	469
9561	490
9563	489
9567	469
9576	469
9577	490
9578	467
9581	469
9587	469
9602	469
9603	490
9607	467
9608	490
9610	470
9615	467
9626	469
9632	469
9633	467
9639	467
9641	467
9650	467
9652	470
9655	469
9657	467
9660	470
9661	467
9663	469
9671	469
9673	420
9679	469
9680	467
9681	467
9685	470
9687	467
9693	490
9698	467
9700	469
9704	469
9707	490
9718	420
9720	420
9728	469
9729	490
9733	469
9745	467
9756	469
9764	469
9765	490
9771	469
9774	467
9774	469
9775	470
9780	420
9780	466
9780	467
9782	470
9786	469
9788	470
9795	490
9796	466
9797	469
9808	469
9812	469
9822	490
9825	490
9828	469
9832	490
9840	490
9842	490
9844	469
9860	467
9864	469
9865	490
9867	470
9869	490
9870	469
9871	469
9872	490
9874	490
9878	490
9880	489
9884	467
9886	469
9890	490
9897	469
9903	469
9905	470
9908	469
9913	490
9914	490
9915	490
9917	469
9919	469
9922	490
9929	467
9931	467
9938	469
9940	490
9941	490
9943	469
9944	420
9945	467
9959	467
9967	469
9968	490
9979	466
9991	466
9994	469
9997	466
10014	467
10016	490
10028	469
10039	490
10042	467
10046	490
10047	490
10079	469
10081	469
10093	490
10094	469
10098	470
10103	469
10104	469
10111	490
10114	467
10117	469
10119	469
10120	467
10123	469
10126	490
10132	469
10154	490
10157	467
10158	466
10159	490
10164	470
10175	420
10179	467
10182	469
10183	467
10188	470
10196	469
10199	490
10207	466
10208	467
10214	490
10215	469
10216	469
10224	420
10225	467
10238	469
10250	469
10257	490
10258	467
10262	469
10266	469
10273	469
10285	467
10292	469
10294	490
10297	490
10303	469
10315	469
10319	469
10331	469
10333	466
10334	469
10337	469
10343	469
10344	469
10345	490
10346	467
10350	466
10352	469
10353	490
10356	470
10358	469
10360	490
10368	469
10370	469
10373	490
10374	469
10378	469
10380	469
10387	467
10388	490
10398	490
10402	469
10403	470
10408	469
10410	467
10411	490
10414	469
10418	420
10423	467
10424	490
10428	490
10432	420
10433	469
10436	469
10439	469
10443	469
10462	470
10475	490
10476	490
10477	490
10478	469
10487	467
10488	490
10489	490
10493	490
10494	469
10497	469
10500	470
10503	469
10506	467
10516	467
10517	467
10518	490
10519	490
10530	470
10532	490
10534	490
10539	469
10541	467
10548	470
10550	470
10558	490
10559	469
10563	470
10569	490
10586	469
10600	490
10601	467
10607	467
10611	490
10622	420
10640	467
10647	469
10651	470
10658	467
10664	467
10665	469
10679	466
10688	469
10690	470
10691	490
10708	490
10713	469
10724	467
10737	490
10740	490
10754	469
10758	467
10760	469
10772	469
10785	469
10788	490
10791	467
10792	469
10802	470
10806	490
10807	420
10818	469
10819	466
10830	490
10835	469
10848	490
10854	469
10862	466
10870	490
10874	490
10875	467
10876	490
10880	490
10883	490
10891	467
10895	490
10899	469
10900	420
10918	469
10927	467
10935	469
10940	469
10942	469
10949	470
10961	469
10962	467
10963	467
10964	420
10969	469
10970	490
10981	469
10984	466
10987	469
10989	469
11001	469
11004	469
11006	466
11007	469
11009	469
11010	469
11014	467
11018	469
11019	490
11020	469
11022	467
11024	470
11028	467
11031	469
11033	490
11034	469
11039	467
11047	466
11050	490
11061	490
11069	469
11074	420
11075	469
11084	490
11086	490
11090	467
11095	469
11106	470
11112	490
11116	467
11117	467
11125	490
11126	469
11143	467
11148	490
11157	469
11158	467
11162	469
11163	490
11165	467
11173	469
11180	420
11183	469
11190	420
11196	490
11206	467
11207	490
11211	490
11213	467
11221	467
11223	469
11232	490
11234	469
11241	469
11243	467
11246	490
11249	490
11252	469
11254	490
11270	490
11273	470
11281	467
11282	490
11283	490
11284	470
11285	490
11286	469
11288	469
11291	469
11294	420
11298	470
11299	490
11305	490
11307	490
11311	490
11315	467
11317	467
11328	469
11329	469
11330	469
11335	469
11341	469
11343	467
11345	469
11346	467
11351	490
11357	467
11358	490
11376	490
11379	490
11380	467
11383	469
11384	470
11388	467
11391	469
11400	467
11404	470
11405	469
11408	467
11409	420
11418	420
11419	469
11421	490
11422	490
11424	467
11427	469
11439	469
11441	469
11442	490
11447	469
11451	469
11452	467
11467	420
11468	469
11477	469
11485	490
11489	490
11492	490
11498	470
11503	490
11507	490
11515	469
11525	490
11531	490
11539	490
11547	490
11548	490
11551	469
11553	467
11561	469
11562	490
11565	469
11566	490
11570	420
11574	469
11582	490
11586	467
11588	469
11589	490
11591	490
11592	490
11593	490
11595	490
11603	420
11604	469
11607	470
11614	467
11617	467
11619	467
11627	490
11636	469
11637	469
11639	420
11641	490
11644	490
11645	490
11646	466
11648	469
11650	467
11654	470
11658	490
11660	469
11671	470
11675	469
11676	490
11680	490
11681	469
11689	490
11691	469
11695	467
11698	470
11701	470
11714	469
11731	490
11734	467
11735	490
11739	490
11746	490
11748	469
11750	490
11753	490
11754	470
11755	469
11766	490
11767	469
11779	490
11780	467
11783	469
11790	470
11792	469
11803	467
11804	467
11808	467
11815	466
11818	469
11821	470
11831	490
11835	490
11838	490
11842	490
11844	469
11850	467
11852	490
11854	490
11858	490
11860	467
11861	470
11866	469
11875	490
11876	469
11878	470
11882	467
11886	469
11902	469
11904	469
11909	490
11918	469
11920	469
11926	490
11927	420
11937	467
11940	466
11949	469
11952	469
11954	490
11962	470
11966	466
11968	490
11970	470
11983	470
11987	467
11990	490
11991	490
11992	470
12003	470
12004	490
12005	490
12010	420
12014	467
12017	469
12022	467
12031	469
12033	490
12039	467
12040	469
12044	469
12048	470
12049	470
12050	490
12055	467
12059	466
12063	490
12064	469
12070	467
12071	469
12074	490
12082	469
12083	490
12089	470
12092	469
12098	469
12105	466
12107	470
12113	490
12116	470
12117	469
12118	467
12120	469
12121	469
12123	469
12131	490
12135	490
12136	490
12138	490
12142	466
12148	490
12157	469
12165	467
12170	420
12192	470
12201	490
12207	490
12210	469
12220	469
12231	467
12232	490
12239	469
12241	490
12242	469
12243	490
12250	490
12254	467
12255	490
12258	490
12262	469
12268	469
12270	469
12272	467
12274	490
12280	469
12282	469
12284	490
12286	469
12300	467
12302	490
12308	469
12315	490
12317	467
12319	467
12319	469
12322	490
12323	467
12324	469
12333	490
12335	470
12339	490
12342	470
12345	469
12352	466
12356	490
12358	420
12359	469
12361	467
12365	469
12366	490
12381	467
12383	490
12394	469
12396	469
12397	470
12398	469
12402	467
12410	467
12416	469
12419	467
12421	490
12422	467
12426	469
12428	467
12429	466
12430	469
12436	466
12440	469
12441	490
12443	467
12444	490
12455	467
12457	490
12467	469
12472	490
12482	490
12484	490
12493	469
12497	469
12498	467
12500	469
12501	467
12514	490
12520	490
12521	470
12527	469
12557	470
12561	467
12565	420
12569	466
12571	469
12574	466
12576	469
12577	469
12578	469
12579	490
12583	469
12585	469
12589	467
12591	469
12592	490
12593	490
12594	470
12597	467
12605	469
12608	469
12611	490
12619	469
12621	467
12631	490
12637	490
12639	490
12648	490
12649	490
12650	467
12656	467
12658	490
12660	469
12669	470
12670	470
12675	469
12678	469
12689	470
12693	490
12694	470
12696	490
12698	490
12700	470
12716	469
12725	469
12726	469
12739	469
12748	490
12749	470
12761	469
12763	469
12764	490
12765	469
12768	467
12773	470
12784	469
12789	469
12792	469
12793	469
12800	467
12805	469
12810	490
12815	490
12816	470
12824	467
12834	469
12835	469
12838	469
12839	469
12842	467
12854	469
12855	469
12860	420
12861	490
12862	470
12869	470
12874	467
12877	490
12880	467
12884	470
12886	469
12887	467
12892	490
12897	467
12899	470
12908	490
12926	467
12930	469
12942	469
12943	467
12944	490
12945	469
12946	420
12948	470
12951	469
12952	470
12957	467
12959	469
12967	467
12970	466
12972	469
12976	469
12977	490
12981	469
12984	467
12986	469
13000	469
13002	466
13005	469
13007	490
13011	469
13012	467
13014	467
13015	467
13023	469
13024	490
13026	420
13037	467
13039	490
13040	467
13050	467
13051	490
13055	470
13060	469
13070	466
13075	490
13081	490
13089	466
13096	467
13097	490
13104	470
13105	490
13117	470
13119	470
13121	469
13122	469
13124	466
13126	490
13127	467
13129	420
13134	470
13136	466
13140	467
13142	469
13148	490
13149	490
13151	490
13154	469
13156	470
13160	470
13164	490
13185	469
13186	469
13189	469
13190	420
13198	467
13199	470
13203	469
13204	469
13206	467
13210	490
13221	490
13225	490
13242	469
13246	469
13247	469
13248	490
13256	469
13267	490
13273	490
13275	469
13277	490
13278	469
13287	490
13292	490
13293	420
13294	467
13302	470
13308	469
13312	470
13324	469
13328	420
13330	420
13333	490
13334	469
13335	469
13345	470
13348	467
13351	490
13352	466
13358	467
13361	490
13370	466
13374	490
13397	469
13399	469
13401	467
13402	490
13411	469
13418	470
13421	469
13423	490
13425	490
13428	469
13431	469
13432	469
13436	467
13438	469
13440	467
13444	469
13449	470
13452	490
13460	467
13461	469
13478	469
13479	490
13481	469
13482	469
13483	469
13496	469
13500	469
13508	490
13509	490
13513	469
13514	469
13527	470
13529	490
13535	469
13537	490
13541	469
13554	467
13560	490
13570	490
13573	490
13578	470
13585	490
13587	469
13588	490
13590	467
13591	490
13593	490
13608	467
13611	490
13622	470
13630	490
13631	467
13634	467
13635	467
13649	490
13655	470
13660	490
13661	489
13668	466
13672	469
13681	490
13685	490
13693	467
13703	469
13709	490
13720	469
13736	470
13752	469
13753	469
13755	490
13756	469
13757	490
13770	470
13772	490
13773	467
13774	490
13776	469
13785	469
13789	469
13798	467
13799	467
13802	469
13804	469
13813	469
13826	420
13827	469
13828	469
13834	467
13838	469
13840	490
13841	469
13845	467
13846	490
13847	420
13848	420
13852	467
13855	490
13857	469
13863	466
13865	469
13871	469
13874	469
13876	470
13877	469
13881	490
13882	467
13884	490
13886	490
13887	490
13889	467
13897	469
13901	469
13904	467
13908	469
13913	467
13914	469
13923	469
13928	490
13934	490
13936	467
13945	490
13949	469
13961	469
13963	467
13965	490
13966	470
13980	490
13981	469
13982	470
13984	490
13991	469
13994	490
13995	470
13996	469
14002	490
14003	490
14006	490
14011	489
14012	470
14015	467
14017	467
14025	469
14043	469
14045	470
14046	490
14049	469
14055	469
14060	420
14063	469
14064	467
14068	470
14069	469
14084	490
14085	470
14087	469
14092	470
14098	490
14101	469
14110	490
14115	467
14118	467
14122	470
14126	470
14137	490
14142	470
14147	469
14149	469
14152	420
14155	469
14156	469
14158	490
14172	469
14174	490
14176	490
14178	490
14187	470
14188	490
14193	466
14194	466
14207	466
14208	470
14218	490
14221	467
14224	469
14234	490
14235	467
14238	469
14243	469
14244	467
14250	467
14265	469
14266	490
14273	420
14276	467
14284	467
14285	490
14290	490
14298	467
14310	470
14314	469
14319	490
14320	490
14321	490
14325	490
14328	467
14343	490
14352	420
14355	467
14356	469
14363	466
14366	470
14368	490
14373	490
14375	469
14380	490
14384	467
14398	469
14399	469
14407	420
14412	490
14413	469
14429	467
14433	467
14436	470
14438	469
14439	469
14441	490
14447	467
14449	470
14451	490
14461	469
14467	467
14468	490
14472	490
14482	490
14484	466
14497	467
14501	466
14504	470
14506	469
14512	490
14513	470
14525	470
14528	467
14530	466
14533	467
14540	490
14545	490
14554	469
14556	467
14557	469
14562	469
14568	490
14569	490
14579	467
14581	469
14582	469
14597	467
14598	490
14600	469
14601	490
14605	469
14606	490
14609	469
14613	469
14615	490
14616	466
14616	469
14617	469
14621	490
14633	490
14640	466
14646	467
14654	469
14658	467
14668	490
14672	469
14677	469
14681	469
14688	490
14693	490
14705	469
14710	469
14715	469
14720	469
14725	469
14726	467
14730	490
14731	490
14736	490
14743	490
14751	467
14756	469
14757	470
14764	469
14765	470
14769	420
14772	490
14778	490
14787	470
14788	489
14789	470
14792	469
14793	469
14803	469
14810	490
14811	470
14814	490
14818	469
14821	420
14830	490
14832	490
14839	490
14840	469
14841	470
14843	490
14855	469
14858	490
14859	470
14869	470
14878	469
14879	467
14888	469
14896	467
14897	467
14898	469
14899	490
14902	469
14904	490
14905	469
14919	469
14921	469
14923	470
14925	470
14931	469
14932	469
14939	467
14940	469
14945	490
14947	469
14954	470
14955	470
14960	469
14962	469
14970	469
14972	467
14973	467
14977	469
14979	469
14981	490
14987	467
14990	469
14992	469
14993	469
14999	490
15011	467
15012	469
15015	469
15020	467
15021	490
15023	470
15036	469
15040	469
15047	467
15048	470
15052	469
15056	467
15060	490
15062	490
15064	490
15072	490
15073	490
15077	469
15079	469
15081	469
15086	420
15090	469
15092	467
15093	469
15098	490
15100	467
15103	420
15106	490
15107	466
15112	420
15118	469
15121	469
15123	467
15127	490
15132	470
15136	490
15138	469
15145	467
15148	467
15149	469
15150	467
15153	469
15157	469
15162	466
15166	490
15167	490
15168	490
15171	467
15175	470
15176	490
15177	490
15183	490
15184	470
15187	467
15190	470
15199	469
15201	467
15203	469
15206	490
15210	470
15211	469
15215	490
15217	469
15225	469
15228	469
15229	470
15231	467
15234	470
15237	420
15251	490
15258	467
15260	490
15266	470
15273	490
15280	490
15281	469
15293	469
15300	490
15301	469
15305	469
15306	470
15320	420
15329	469
15330	490
15339	469
15340	470
15341	490
15350	490
15351	469
15353	490
15356	490
15359	467
15371	469
15374	469
15376	469
15377	469
15392	469
15393	469
15394	467
15407	467
15412	490
15413	466
15414	469
15418	469
15419	470
15422	490
15425	470
15426	469
15431	467
15439	467
15443	490
15445	467
15450	467
15451	490
15453	467
15471	490
15474	490
15477	490
15478	469
15480	490
15499	467
15500	467
15501	490
15503	469
15504	469
15511	469
15513	490
15514	470
15518	469
15521	490
15523	467
15526	469
15528	469
15531	469
15534	467
15537	490
15538	469
15541	470
15547	490
15550	470
15559	467
15566	466
15567	490
15572	467
15582	467
15583	467
15586	467
15589	469
15598	490
15602	469
15608	490
15621	469
15622	469
15625	470
15628	467
15632	469
15633	469
15634	469
15635	490
15636	467
15637	467
15644	490
15646	490
15647	469
15648	467
15651	469
15653	469
15659	469
15664	490
15665	490
15677	469
15678	490
15683	490
15685	490
15689	469
15693	469
15694	490
15697	467
15702	467
15703	469
15706	467
15718	467
15723	469
15726	490
15748	490
15750	490
15756	469
15758	470
15759	490
15762	490
15774	466
15783	469
15791	490
15802	490
15809	466
15811	469
15817	469
15820	469
15829	469
15830	467
15832	490
15836	470
15857	469
15858	469
15860	490
15863	490
15866	469
15870	467
15882	467
15884	490
15894	469
15895	469
15898	469
15903	490
15909	469
15913	490
15918	467
15919	490
15924	490
15928	466
15930	469
15931	467
15937	470
15940	490
15942	469
15946	490
15949	490
15951	420
15953	490
15955	467
15959	467
15961	467
15962	467
15966	490
15970	467
15978	470
15989	469
15992	467
15993	469
15999	467
16002	490
16004	469
16007	470
16010	469
16013	467
16014	420
16015	469
16016	470
16017	490
16020	470
16021	467
16048	467
16062	469
16068	490
16072	469
16078	490
16084	467
16093	490
16094	469
16105	490
16114	470
16117	490
16118	467
16122	469
16123	467
16135	490
16139	420
16151	490
16155	469
16156	467
16157	467
16162	469
16164	469
16173	470
16174	469
16184	490
16185	470
16189	470
16199	490
16201	490
16202	420
16214	467
16223	490
16226	490
16228	490
16234	420
16241	490
16256	470
16259	490
16264	467
16267	466
16272	469
16273	420
16276	469
16277	467
16282	490
16284	469
16288	490
16289	469
16292	469
16299	490
16304	467
16306	467
16313	490
16316	469
16329	467
16332	469
16334	490
16338	490
16343	470
16348	467
16349	420
16351	466
16356	490
16360	469
16362	467
16365	469
16375	469
16381	469
16383	470
16395	470
16398	469
16405	490
16409	469
16411	469
16412	469
16422	467
16423	467
16424	467
16426	490
16428	490
16431	469
16434	469
16441	469
16444	469
16445	420
16446	420
16452	490
16458	469
16460	469
16464	490
16466	469
16467	469
16468	470
16472	469
16473	467
16479	469
16480	467
16490	490
16498	490
16505	469
16509	469
16521	490
16535	490
16538	467
16544	490
16550	466
16560	467
16578	467
16580	490
16588	490
16593	469
16595	469
16600	469
16605	469
16606	469
16611	467
16613	490
16616	467
16624	467
16626	490
16630	490
16633	490
16634	469
16635	469
16639	420
16640	467
16642	466
16647	469
16648	469
16649	490
16651	490
16667	420
16668	420
16670	469
16685	467
16699	467
16705	490
16707	490
16712	469
16719	490
16721	470
16723	469
16726	469
16739	490
16748	469
16751	490
16755	470
16757	470
16765	469
16769	469
16771	490
16772	469
16781	469
16782	467
16789	470
16791	490
16793	467
16797	469
16803	490
16812	490
16818	469
16833	466
16843	470
16844	490
16848	469
16849	470
16856	469
16870	490
16875	469
16876	490
16877	490
16881	469
16884	420
16887	470
16890	490
16896	467
16899	469
16903	467
16904	469
16909	469
16910	490
16915	420
16918	490
16919	470
16925	470
16926	470
16929	467
16932	490
16933	469
16942	490
16950	470
16951	470
16954	470
16961	467
16977	469
16983	469
16985	469
16997	467
17002	469
17012	420
17026	469
17032	490
17033	490
17036	467
17038	420
17046	490
17050	469
17051	490
17055	469
17058	467
17063	470
17065	490
17069	469
17077	467
17081	469
17093	490
17097	490
17098	490
17110	469
17111	490
17118	469
17121	467
17125	467
17134	469
17135	469
17137	467
17138	470
17143	490
17145	490
17146	470
17149	489
17151	490
17158	490
17161	490
17163	469
17166	490
17167	490
17173	469
17180	470
17183	490
17188	490
17190	490
17194	467
17197	420
17200	490
17203	469
17206	490
17208	470
17222	469
17223	466
17224	469
17227	490
17229	469
17233	490
17235	469
17236	467
17239	469
17253	469
17254	470
17263	490
17268	490
17271	469
17275	469
17286	490
17292	420
17295	490
17297	469
17305	490
17306	469
17312	470
17319	469
17325	469
17328	467
17330	420
17336	490
17337	490
17344	490
17345	469
17346	490
17353	490
17361	467
17362	490
17366	470
17368	469
17375	490
17380	467
17383	467
17384	469
17392	490
17399	466
17404	420
17406	467
17412	467
17420	470
17421	469
17425	490
17432	469
17440	469
17441	490
17442	469
17447	469
17448	467
17453	490
17460	467
17463	490
17464	490
17473	469
17474	490
17475	490
17495	469
17498	469
17499	490
17505	490
17509	467
17519	469
17523	490
17526	469
17532	490
17533	470
17545	469
17547	469
17550	467
17554	467
17558	469
17561	469
17563	469
17567	490
17568	490
17569	467
17582	490
17583	469
17595	490
17597	469
17601	490
17602	420
17604	470
17607	469
17609	469
17615	467
17621	490
17623	490
17624	469
17634	490
17636	490
17638	469
17644	420
17645	490
17647	469
17651	469
17654	469
17655	469
17662	469
17664	490
17666	469
17667	467
17675	490
17682	467
17699	490
17701	467
17701	469
17702	467
17710	467
17715	490
17725	469
17731	467
17733	490
17755	470
17757	469
17770	490
17771	490
17773	490
17775	490
17783	469
17785	469
17791	490
17798	467
17804	469
17811	469
17818	420
17820	469
17821	490
17825	467
17826	490
17827	469
17843	466
17845	420
17846	467
17847	490
17851	470
17858	490
17860	490
17864	490
17869	467
17875	467
17877	469
17881	490
17882	469
17885	469
17892	420
17893	469
17901	490
17918	470
17920	470
17929	467
17931	470
17933	467
17935	469
17936	490
17937	490
17938	467
17941	467
17948	490
17950	420
17952	469
17954	469
17955	490
17962	469
17974	467
17980	469
17991	467
17996	420
17999	490
18002	490
18003	490
18004	469
18008	490
18014	469
18016	469
18018	490
18020	470
18028	490
18034	490
18041	469
18045	420
18048	467
18056	469
18057	490
18060	490
18067	490
18084	469
18096	469
18105	470
18108	490
18111	469
18113	469
18114	467
18117	490
18124	469
18144	490
18152	469
18156	490
18158	469
18165	469
18175	469
18177	469
18178	469
18179	490
18180	470
18182	467
18186	469
18188	420
18192	469
18195	490
18209	490
18210	467
18221	490
18222	469
18224	469
18226	490
18227	490
18244	469
18249	490
18250	469
18251	490
18265	469
18287	469
18294	490
18302	467
18304	469
18305	420
18306	467
18310	467
18313	469
18316	490
18318	467
18334	467
18338	469
18340	469
18348	469
18355	466
18358	470
18360	490
18361	467
18368	469
18370	420
18373	469
18379	490
18382	490
18386	490
18394	467
18399	490
18405	467
18406	470
18407	469
18416	469
18417	467
18418	467
18423	470
18426	470
18429	469
18438	466
18442	470
18453	469
18463	467
18465	420
18471	469
18479	490
18484	466
18486	467
18489	469
18491	469
18499	470
18500	469
18505	469
18508	490
18513	470
18517	470
18522	469
18527	466
18533	469
18540	469
18547	490
18548	469
18550	469
18582	470
18586	470
18591	420
18593	469
18596	420
18597	469
18603	469
18605	469
18606	490
18614	467
18621	420
18637	490
18640	469
18645	469
18647	490
18648	470
18651	469
18657	420
18658	490
18670	469
18671	469
18672	490
18680	469
18691	467
18692	470
18695	490
18696	470
18697	469
18699	490
18707	469
18713	490
18719	469
18724	490
18730	467
18736	470
18738	420
18738	466
18738	467
18743	490
18752	467
18759	490
18790	490
18792	469
18794	469
18800	469
18801	490
18810	490
18814	467
18815	470
18821	466
18825	466
18827	467
18841	469
18844	469
18846	490
18848	467
18860	420
18861	490
18871	490
18875	490
18878	490
18886	469
18891	467
18892	490
18893	490
18904	420
18908	469
18910	467
18913	469
18915	467
18916	469
18919	469
18926	470
18948	466
18956	490
18957	470
18961	490
18965	490
18966	490
18969	490
18970	470
18973	469
18978	469
18986	467
18987	490
18989	467
18996	490
19002	490
19005	490
19010	469
19011	469
19012	490
19017	466
19020	470
19037	469
19039	467
19042	469
19044	490
19045	490
19047	490
19054	490
19055	469
19060	467
19064	469
19070	490
19074	470
19077	469
19080	490
19085	470
19091	470
19100	469
19102	490
19116	467
19121	490
19124	490
19134	469
19136	467
19141	490
19144	469
19145	469
19155	466
19157	469
19160	469
19161	490
19162	469
19166	469
19168	467
19172	490
19173	467
19178	420
19182	466
19186	467
19187	490
19188	467
19195	490
19196	469
19197	467
19205	467
19211	469
19212	467
19214	490
19219	490
19221	469
19226	469
19228	469
19233	490
19243	470
19244	467
19245	469
19248	490
19250	490
19253	490
19256	469
19261	470
19263	467
19267	469
19272	467
19273	467
19279	490
19283	490
19287	467
19289	469
19292	490
19299	420
19303	469
19309	469
19315	467
19321	420
19323	469
19332	469
19334	467
19341	490
19344	490
19346	467
19351	467
19364	469
19366	469
19368	467
19371	467
19372	490
19376	467
19379	420
19381	490
19384	470
19387	467
19398	467
19408	469
19411	470
19413	469
19415	467
19424	469
19434	469
19436	469
19441	466
19446	469
19450	469
19456	467
19460	469
19463	467
19464	490
19474	469
19484	469
19485	469
19491	490
19493	490
19505	467
19507	470
19522	470
19523	470
19528	420
19530	467
19550	490
19567	467
19569	490
19574	469
19581	490
19584	469
19585	490
19586	420
19589	469
19590	420
19591	420
19592	490
19602	467
19608	469
19609	469
19620	490
19630	490
19631	490
19634	469
19639	469
19643	490
19646	466
19650	490
19653	490
19655	490
19659	490
19662	469
19668	469
19671	469
19678	469
19682	490
19686	469
19692	467
19693	467
19701	469
19702	469
19706	470
19713	469
19728	490
19735	470
19742	467
19745	470
19747	470
19750	490
19757	469
19774	490
19776	469
19784	467
19785	469
19791	469
19793	469
19795	467
19800	490
19805	490
19810	469
19812	469
19814	469
19815	490
19827	469
19832	490
19840	469
19847	490
19848	466
19848	467
19853	469
19855	469
19856	490
19868	466
19869	490
19870	467
19879	467
19894	490
19895	466
19905	490
19909	420
19910	470
19914	467
19919	466
19929	490
19930	490
19933	467
19934	467
19936	469
19946	470
19957	467
19962	469
19963	490
19968	469
19971	490
19973	470
19979	469
19983	420
19984	490
19999	490
20004	466
20020	490
20021	469
20027	469
20035	469
20040	490
20042	490
20044	466
20045	467
20046	490
20047	469
20064	490
20065	490
20066	420
20067	469
20068	467
20069	469
20073	469
20076	469
20083	467
20091	469
20093	469
20095	469
20111	469
20113	490
20116	469
20120	470
20131	490
20135	490
20144	467
20145	469
20148	490
20151	470
20152	467
20153	469
20158	469
20160	490
20162	490
20163	490
20168	469
20171	467
20175	469
20192	467
20196	490
20197	490
20201	467
20202	467
20203	467
20208	469
20211	490
20216	470
20219	490
20228	469
20236	469
20240	470
20241	469
20245	469
20249	469
20257	469
20260	466
20264	490
20272	469
20275	466
20278	466
20281	470
20294	469
20301	469
20302	467
20307	469
20311	490
20313	470
20317	490
20320	469
20321	469
20324	469
20328	467
20330	467
20352	469
20359	469
20374	469
20383	490
20384	466
20386	490
20388	469
20397	469
20409	469
20410	469
20411	469
20412	490
20413	469
20423	469
20426	467
20430	469
20432	469
20433	469
20439	469
20454	469
20459	469
20464	469
20466	469
20471	469
20473	467
20481	470
20498	469
20501	469
20505	469
20506	467
20509	469
20511	467
20512	470
20513	469
20521	469
20529	470
20530	469
20536	469
20539	467
20543	467
20548	490
20550	470
20554	469
20555	470
20556	466
20556	467
20559	470
20561	467
20564	469
20566	469
20573	470
20581	470
20582	470
20592	469
20596	420
20602	469
20603	470
20604	469
20608	469
20609	469
20610	470
20616	469
20618	469
20619	469
20623	490
20634	469
20635	469
20638	470
20641	490
20644	469
20648	469
20649	420
20650	469
20655	490
20659	470
20660	467
20662	467
20667	469
20670	469
20671	469
20673	420
20676	469
20686	490
20688	469
20689	469
20690	469
20693	467
20699	469
20712	469
20720	467
20725	469
20729	490
20738	470
20739	467
20741	470
20743	490
20752	469
20756	470
20757	467
20770	470
20772	467
20780	469
20782	466
20794	469
20796	467
20801	466
20807	470
20811	467
20829	467
20837	470
20845	469
20848	469
20856	469
20857	467
20858	469
20860	469
20871	470
20890	469
20891	467
20892	490
20895	469
20896	469
20897	469
20898	469
20900	469
20901	469
20902	469
20903	469
20904	469
20905	469
20916	466
20917	470
20931	469
20933	420
20936	467
20951	467
20958	470
20970	467
20973	469
20980	469
20988	490
20996	467
21007	469
21009	469
21027	469
21033	469
21044	469
21045	490
21046	466
21048	469
21055	490
21063	469
21064	490
21066	490
21073	467
21081	469
21082	467
21093	469
21103	469
21117	490
21119	470
21124	470
21146	470
21171	490
21182	470
21192	467
21205	470
21208	469
21214	466
21227	467
21234	469
21259	490
21268	469
21269	469
21272	469
21284	490
21285	469
21286	467
21287	490
21288	469
21295	467
21308	466
21315	490
21317	469
21319	469
21320	469
21335	469
21353	490
21356	467
21365	469
21373	490
21374	490
21380	466
21388	467
21395	490
21398	490
21401	469
21403	490
21404	490
21410	469
21411	469
21414	469
21424	469
21425	469
21439	490
21450	467
21459	466
21470	467
21482	469
21483	467
21487	467
21506	469
21530	490
21535	467
21537	467
21555	467
21562	469
21567	490
21575	469
21577	420
21582	490
21585	469
21597	469
21607	466
21610	490
21611	467
21628	490
21632	490
21636	469
21640	469
21650	490
21652	469
21653	469
21657	469
21660	469
21664	469
21670	469
21671	490
21673	469
21676	469
21677	490
21680	469
21691	470
21693	469
21694	469
21698	490
21700	469
21710	490
21716	469
21727	420
21742	469
21744	466
21751	469
21752	469
21753	469
21755	469
21756	469
21757	469
21759	469
21760	470
21762	490
21764	469
21767	469
21770	467
21773	490
21774	469
21775	469
21790	467
21801	420
21806	470
21811	490
21812	466
21818	469
21825	420
21831	490
21834	490
21850	490
21858	467
21870	469
21874	469
21876	490
21877	470
21883	469
21888	469
21900	490
21903	466
21915	469
21916	469
21917	490
21923	469
21924	469
21945	467
21962	469
21969	469
21987	467
21993	470
22000	420
22002	490
22009	469
22016	467
22022	467
22027	490
22028	469
22029	467
22032	490
22036	467
22046	467
22056	490
22060	490
22092	490
22098	470
22119	467
22122	469
22129	490
22138	467
22143	467
22156	469
22159	467
22167	490
22171	466
22176	470
22186	490
22207	469
22210	469
22211	467
22215	467
22217	490
22230	469
22235	469
22242	469
22244	490
22249	467
22261	490
22264	490
22274	470
22275	490
22278	467
22288	420
22304	469
22311	467
22318	490
22321	469
22323	490
22335	469
22341	469
22342	470
22343	469
22345	469
22349	469
22354	420
22359	469
22369	469
22375	490
22377	467
22387	490
22389	469
22395	469
22413	490
22415	490
22438	490
22441	469
22454	469
22457	490
22458	469
22468	467
22471	469
22472	470
22477	469
22483	467
22491	467
22502	420
22509	490
22515	467
22519	467
22526	490
22533	467
22538	490
22543	490
22544	467
22546	420
22550	469
22564	469
22570	470
22579	467
22588	467
22590	470
22596	490
22599	469
22603	467
22607	469
22611	490
22613	469
22619	490
22624	490
22627	470
22632	490
22635	467
22640	469
22661	490
22675	490
22679	490
22687	490
22688	490
22695	467
22703	470
22706	469
22708	469
22713	467
22717	469
22718	467
22720	467
22730	469
22732	469
22749	467
22766	467
22770	490
22771	420
22775	469
22776	470
22778	467
22796	467
22799	469
22800	469
22801	469
22804	469
22824	490
22826	469
22835	466
22838	490
22846	490
22855	469
22867	490
22882	467
22895	420
22907	490
22934	469
22947	467
22970	470
22971	467
22978	490
22985	469
22986	469
22987	469
22989	469
22990	469
22991	469
22992	469
22994	469
22999	469
23002	469
23010	420
23013	490
23016	467
23029	490
23030	490
23031	490
23054	490
23056	490
23062	490
23071	490
23072	467
23082	490
23091	420
23095	467
23096	490
23115	467
23122	469
23130	467
23131	470
23143	467
23147	469
23149	469
23150	470
23151	467
23155	469
23161	490
23164	490
23178	466
23179	467
23180	469
23182	470
23184	470
23199	469
23219	420
23238	469
23248	467
23256	490
23276	420
23282	470
23285	490
23288	467
23293	469
23306	467
23309	470
23323	420
23337	490
23354	420
23358	469
23365	469
23368	469
23371	469
23383	469
23385	469
23388	469
23391	470
23397	490
23404	469
23424	467
23426	467
23428	490
23430	490
23460	469
23465	470
23468	469
23469	467
23476	469
23478	467
23485	469
23487	467
23497	490
23499	469
23502	490
23513	469
23515	490
23522	469
23526	469
23538	420
23547	470
23559	490
23562	467
23567	490
23568	466
23581	490
23584	469
23598	470
23606	467
23623	490
23628	490
23635	469
23645	467
23649	467
23656	490
23660	466
23666	469
23674	470
23683	466
23689	469
23711	467
23717	420
23721	466
23725	469
23735	467
23740	490
23744	490
23746	420
23757	467
23769	469
23772	469
23782	420
23790	490
23795	420
23817	490
23818	490
23821	467
23827	490
23831	467
23833	467
23834	470
23836	467
23839	469
23840	469
23852	469
23859	469
23860	420
23874	469
23880	467
23899	467
23900	469
23906	467
23916	490
23920	466
23923	469
23927	467
23930	466
23936	467
23941	467
23944	490
23948	469
23954	466
23969	470
23970	469
23972	469
23973	470
23975	490
23979	469
23995	420
24006	470
24017	469
24018	490
24025	467
24027	469
24038	467
24042	469
24044	490
24047	469
24048	420
24051	469
24054	466
24084	469
24094	469
24101	469
24103	470
24107	490
24108	420
24121	467
24134	469
24138	490
24156	469
24162	490
24167	467
24171	469
24195	490
24197	467
24199	466
24200	467
24203	490
24222	469
24228	467
24232	470
24245	469
24249	467
24253	467
24271	490
24272	469
24299	490
24303	490
24311	470
24325	469
24339	490
24343	490
24354	467
24356	490
24359	470
24361	467
24365	470
24370	490
24389	420
24404	467
24423	490
24428	490
24431	469
24432	420
24452	420
24455	420
24457	469
24460	420
24469	490
24474	490
24488	469
24495	467
24509	470
24523	469
24537	469
24539	470
24542	490
24557	490
24562	467
24578	469
24590	469
24597	469
24599	420
24604	470
24608	469
24610	469
24617	470
24641	469
24642	469
24643	467
24645	490
24659	467
24661	490
24673	469
24696	420
24697	469
24707	469
24709	469
24712	470
24715	467
24725	420
24727	470
24733	469
24741	420
24767	470
24771	467
24773	469
24779	490
24780	469
24781	469
24795	420
24797	490
24803	490
24808	469
24815	469
24820	469
24824	467
24829	470
24837	469
24850	469
24856	490
24857	490
24862	469
24867	490
24868	469
24876	490
24879	469
24885	490
24889	467
24890	469
24917	469
24918	470
24924	469
24927	469
24930	490
24931	490
24935	469
24943	469
24946	469
24948	490
24961	469
24976	469
24984	490
25003	466
25029	467
25030	469
25036	470
25045	467
25053	469
25056	469
25057	469
25067	470
25074	467
25075	469
25093	469
25098	469
25107	469
25113	490
25124	490
25129	490
25134	470
25141	420
25146	467
25152	420
25154	469
25173	490
25174	467
25180	469
25200	469
25203	490
25211	469
25233	467
25236	420
25241	470
25243	469
25279	470
25290	490
25303	490
25308	469
25309	420
25311	420
25319	469
25336	470
25339	469
25380	470
25408	469
25411	490
25480	469
25483	420
25485	490
25513	469
25516	469
25522	469
25523	490
25525	490
25533	467
25537	490
25569	490
25571	469
25573	490
25582	469
25590	420
25593	490
25601	420
25615	420
25617	470
25638	490
25640	469
25642	469
25647	490
25656	469
25664	467
25667	467
25676	469
25683	490
25687	469
25689	490
25690	470
25700	467
25703	470
25704	467
25713	420
25719	467
25722	466
25734	490
25742	490
25749	469
25751	490
25754	469
25761	467
25772	469
25776	469
25777	470
25778	490
25782	469
25787	467
25788	490
25792	467
25794	467
25795	470
25800	490
25802	467
25803	490
25821	469
25822	469
25823	467
25827	469
25829	490
25835	490
25839	469
25853	490
25860	490
25861	490
25879	490
25881	490
25883	490
25887	469
25891	469
25895	467
25898	490
25899	490
25901	469
25904	490
25917	469
25926	490
25930	469
25946	490
25949	469
25954	470
25955	469
25962	469
25963	467
25967	490
25973	469
25983	470
26007	469
26023	469
26026	490
26035	469
26037	470
26041	490
26042	466
26061	470
26062	469
26078	490
26080	490
26104	490
26106	490
26110	470
26115	490
26151	470
26163	470
26170	490
26187	469
26188	467
26197	490
26203	467
26207	467
26208	469
26211	490
26216	467
26217	469
26223	467
26236	420
26237	469
26243	490
26265	490
26272	467
26288	469
26289	470
26290	490
26293	490
26324	469
26343	420
26348	490
26355	469
26387	420
26390	467
26403	469
26409	469
26416	490
26422	469
26423	490
26424	490
26426	469
26428	490
26459	470
26473	469
26482	490
26490	490
26496	470
26501	467
26503	469
26511	490
26521	469
26523	420
26527	490
26537	469
26543	490
26549	490
26557	490
26558	467
26561	490
26565	469
26568	490
26594	469
26600	469
26612	490
26617	470
26630	469
26637	467
26641	467
26643	490
26653	490
26656	490
26664	490
26670	469
26672	490
26683	467
26693	469
26715	467
26723	469
26738	467
26749	490
26752	490
26754	467
26755	467
26762	490
26765	469
26789	469
26798	490
26805	466
26837	467
26845	467
26846	469
26852	490
26862	469
26864	490
26872	490
26877	469
26878	469
26888	490
26890	490
26904	490
26927	466
26932	469
26933	469
26939	490
26940	469
26952	469
26960	470
26961	490
26986	469
26987	467
26992	467
26999	469
27006	420
27019	467
27020	467
27023	469
27029	469
27043	467
27047	469
27050	420
27063	469
27067	469
27074	490
27075	490
27093	490
27096	469
27104	420
27128	470
27131	490
27134	490
27146	469
27147	469
27161	490
27164	467
27168	490
27194	469
27204	470
27219	469
27221	469
27227	467
27228	490
27256	490
27265	420
27272	490
27286	490
27288	469
27291	469
27294	470
27309	469
27316	490
27340	490
27349	490
27354	469
27356	469
27359	490
27362	490
27374	469
27380	490
27386	490
27427	469
27445	469
27450	469
27455	469
27462	469
27466	470
27469	490
27470	470
27471	469
27475	420
27476	469
27482	469
27492	420
27493	469
27494	470
27503	469
27505	469
27515	469
27518	469
27538	469
27550	490
27553	490
27567	490
27573	469
27576	469
27578	467
27591	469
27598	490
27606	470
27608	490
27620	469
27630	490
27634	469
27638	469
27640	490
27641	469
27643	490
27648	490
27653	469
27656	469
27658	469
27661	490
27667	469
27672	490
27677	420
27686	467
27693	467
27698	467
27706	490
27709	469
27723	470
27735	420
27757	490
27763	469
27767	420
27768	420
27777	467
27782	469
27792	467
27797	469
27800	469
27811	469
27813	470
27814	490
27823	469
27840	470
27845	470
27852	467
27853	490
27858	490
27864	490
27869	490
27871	467
27881	490
27884	470
27896	470
27909	470
27937	490
27964	470
27966	467
27973	469
27979	469
27988	469
27996	466
27997	490
28003	469
28005	490
28021	470
28025	490
28026	467
28029	490
28043	490
28054	490
28070	469
28073	469
28085	490
28092	469
28105	466
28119	467
28134	469
28160	469
28165	470
28172	469
28175	420
28197	469
28206	490
28210	490
28212	490
28214	467
28221	469
28225	467
28250	467
28251	490
28253	469
28260	469
28275	490
28280	469
28281	467
28283	490
28293	490
28307	469
28333	490
28338	420
28343	490
28353	467
28357	469
28371	490
28373	469
28378	490
28383	469
28394	469
28403	470
28409	490
28430	490
28431	490
28451	469
28466	469
28467	469
28472	490
28486	420
28489	490
28490	490
28491	469
28492	469
28495	490
28517	470
28522	467
28529	469
28543	490
28570	469
28574	490
28576	467
28590	469
28618	469
28619	490
28622	469
28644	469
28659	490
28670	490
28672	490
28692	490
28696	469
28700	469
28716	470
28726	490
28730	490
28742	420
28745	469
28749	466
28750	469
28760	469
28769	469
28771	420
28792	490
28809	469
28811	490
28823	420
28824	469
28827	490
28831	470
28831	489
28834	490
28836	490
28842	469
28844	420
28865	469
28876	490
28879	490
28880	469
28884	469
28887	469
28890	469
28898	490
28910	469
28920	490
28930	469
28931	490
28957	469
28958	490
28964	469
28965	490
28972	490
28987	467
29005	420
29009	469
29011	420
29012	490
29017	490
29019	469
29022	469
29035	469
29048	467
29072	469
29073	467
29083	470
29090	466
29099	469
29104	469
29105	469
29110	469
29111	469
29113	490
29122	490
29141	490
29147	469
29150	469
29154	467
29166	469
29170	490
29173	469
29195	490
29197	470
29205	490
29206	469
29207	469
29209	469
29211	469
29226	469
29252	467
29254	469
29255	469
29258	467
29280	467
29286	490
29295	490
29298	490
29300	469
29318	469
29326	490
29328	490
29330	490
29339	467
29340	469
29347	490
29358	490
29359	469
29373	490
29384	490
29392	490
29398	490
29399	469
29401	490
29426	469
29433	469
29453	490
29456	469
29480	469
29482	469
29484	469
29496	469
29497	467
29501	469
29503	469
29519	469
29522	469
29525	469
29527	469
29531	490
29534	469
29539	469
29545	490
29549	467
29553	490
29567	469
29573	469
29574	469
29579	420
29588	490
29590	469
29595	469
29599	469
29606	469
29616	490
